87.39	88.47	87.63	28.21	87.39	89.91	87.22	26.94	87.39	106.39	88.09	24.97	89.59	36.36	120.00	19.98	120.00	24.26	20.27	23.25	27.54	26.37	18.01	27.01	26.87	26.25	21.36	23.38	27.75	35.24	21.46	22.89	31.05	35.74	21.31	25.31	29.18	37.59	21.31	87.78	37.54	39.71	22.35	87.37	38.44	87.90	24.78	61.51	37.96	88.73	87.51	87.39	39.38	88.33	87.15	86.98	0	0	0	0	0	0	0	0	0	0	0	0	0	0	0	0	0	0	0	0	0	0	0	0	0	0	0	0	0	0	0	0	0	0	0	0	0	0	0	0	0	0	0	0	
33.14	88.73	87.56	86.98	26.24	89.19	89.48	88.23	30.36	89.60	19.71	90.36	28.64	28.69	20.96	102.20	26.25	21.53	22.25	120.00	24.97	21.68	30.36	23.95	24.45	24.26	32.99	24.40	28.28	21.58	31.46	26.63	24.86	23.08	32.39	24.00	120.00	25.27	34.14	32.63	26.60	22.77	36.77	37.20	87.29	29.16	37.54	34.62	87.27	24.67	87.10	35.64	87.27	90.02	87.51	36.75	87.66	88.32	87.46	38.37	72.46	87.85	87.47	87.34	0	0	0	0	0	0	0	0	0	0	0	0	0	0	0	0	0	0	0	0	0	0	0	0	0	0	0	0	0	0	0	0	0	0	0	0	
87.39	88.01	87.20	29.43	76.48	88.88	87.22	87.49	87.39	88.95	87.22	23.18	87.41	26.17	87.20	24.50	87.78	25.34	28.45	19.18	89.05	25.24	20.53	19.23	26.96	24.62	24.73	17.65	31.74	25.43	18.47	19.48	26.29	36.31	15.10	20.43	25.60	34.42	15.64	20.84	27.34	34.76	18.63	24.55	34.98	38.93	18.88	22.11	37.82	86.99	18.37	87.75	39.38	88.26	20.34	70.46	41.84	46.20	87.06	87.34	42.58	88.69	87.06	87.35	45.82	88.26	87.06	87.75	48.18	87.85	87.08	87.75	87.29	54.90	86.72	87.77	0	0	0	0	0	0	0	0	0	0	0	0	0	0	0	0	0	0	0	0	0	0	0	0	
32.68	87.82	17.23	87.70	29.07	86.53	16.05	88.52	27.97	31.22	16.31	92.78	31.94	29.52	22.30	18.83	25.62	26.99	23.18	17.23	24.93	26.89	22.35	17.10	25.67	32.92	23.02	23.28	32.20	24.62	25.15	24.26	31.37	26.07	88.42	24.21	32.35	30.45	87.49	25.84	87.23	30.69	87.06	27.56	36.92	32.96	87.08	87.73	87.34	33.80	87.04	88.09	0	0	0	0	0	0	0	0	0	0	0	0	0	0	0	0	0	0	0	0	0	0	0	0	0	0	0	0	0	0	0	0	0	0	0	0	0	0	0	0	0	0	0	0	0	0	0	0	
87.75	88.38	87.15	36.19	78.42	87.96	87.61	32.08	87.37	88.80	87.58	26.34	87.75	91.89	87.15	24.00	87.34	92.65	30.43	24.14	88.23	120.00	24.93	24.55	120.00	23.23	20.69	24.86	120.00	28.33	22.20	23.75	22.58	22.56	22.97	25.77	23.32	26.58	23.08	24.55	23.47	35.02	23.64	26.17	33.09	33.90	24.88	28.06	33.93	87.85	59.33	87.80	88.63	88.75	26.03	60.26	36.49	87.49	27.63	60.89	0	0	0	0	0	0	0	0	0	0	0	0	0	0	0	0	0	0	0	0	0	0	0	0	0	0	0	0	0	0	0	0	0	0	0	0	0	0	0	0	
88.99	87.82	30.48	87.71	21.79	88.21	26.37	87.70	25.67	88.18	24.31	30.36	20.26	22.92	24.11	25.69	19.33	21.84	26.74	23.95	25.62	19.98	21.22	22.63	24.83	20.55	20.53	21.10	26.03	22.35	20.48	21.67	27.08	21.68	28.87	25.93	30.00	28.37	27.71	21.65	31.00	29.05	32.39	107.04	87.65	30.96	30.21	26.13	36.86	32.49	87.10	26.75	87.25	89.14	87.46	29.35	87.23	36.25	87.06	29.85	79.21	88.26	87.46	33.76	74.19	88.69	87.06	88.16	0	0	0	0	0	0	0	0	0	0	0	0	0	0	0	0	0	0	0	0	0	0	0	0	0	0	0	0	0	0	0	0	
87.39	88.68	87.63	32.89	87.37	88.93	87.16	30.96	87.39	93.87	35.53	29.69	87.37	94.86	89.02	30.00	92.53	19.43	37.87	110.82	120.00	17.66	29.69	29.95	120.00	19.73	30.02	30.05	16.49	120.00	36.68	52.13	87.30	38.83	87.53	87.34	0	0	0	0	0	0	0	0	0	0	0	0	0	0	0	0	0	0	0	0	0	0	0	0	0	0	0	0	0	0	0	0	0	0	0	0	0	0	0	0	0	0	0	0	0	0	0	0	0	0	0	0	0	0	0	0	0	0	0	0	0	0	0	0	
87.66	87.82	36.17	39.81	89.48	86.99	32.44	58.37	17.18	87.41	28.81	37.22	21.68	20.76	112.96	29.04	16.39	98.73	25.76	27.66	17.29	17.32	26.49	24.52	120.00	21.24	31.13	26.34	24.52	19.31	30.82	22.92	120.00	26.32	29.71	26.80	120.00	27.46	31.00	28.33	30.05	29.93	31.19	29.74	87.61	28.99	33.21	28.47	87.23	32.49	33.83	29.14	87.23	33.38	87.08	31.74	87.66	88.66	87.06	35.03	0	0	0	0	0	0	0	0	0	0	0	0	0	0	0	0	0	0	0	0	0	0	0	0	0	0	0	0	0	0	0	0	0	0	0	0	0	0	0	0	
87.30	33.80	87.11	89.12	87.29	37.75	87.11	24.73	87.29	27.20	87.53	20.38	88.11	25.55	24.98	22.37	28.69	31.94	31.46	23.90	23.93	22.61	104.90	25.98	23.93	21.17	20.70	26.03	21.46	29.42	19.67	25.98	22.30	23.69	20.14	26.65	21.51	91.98	22.06	28.73	21.43	88.21	27.47	87.68	27.39	88.26	29.59	62.01	88.11	87.80	31.56	57.10	87.25	87.85	36.87	51.96	33.51	87.87	87.13	87.35	0	0	0	0	0	0	0	0	0	0	0	0	0	0	0	0	0	0	0	0	0	0	0	0	0	0	0	0	0	0	0	0	0	0	0	0	0	0	0	0	
49.85	87.80	87.47	87.34	46.03	86.98	87.47	87.32	40.27	88.28	88.37	87.34	33.04	45.33	90.34	87.75	31.22	40.79	13.45	90.34	30.00	31.68	12.58	17.75	28.38	31.12	13.71	16.74	31.12	31.48	13.45	16.84	30.53	27.25	15.95	16.74	30.22	30.19	17.59	16.37	29.74	30.55	108.33	19.62	29.95	28.33	120.00	19.28	31.01	27.87	88.93	19.78	33.04	29.21	29.76	22.37	87.30	28.38	31.19	27.56	87.30	29.67	87.11	28.02	87.63	31.43	87.10	29.38	87.70	31.84	87.53	87.78	0	0	0	0	0	0	0	0	0	0	0	0	0	0	0	0	0	0	0	0	0	0	0	0	0	0	0	0	
87.42	89.71	87.23	20.82	86.99	15.45	88.08	18.90	87.82	14.11	68.49	16.77	15.33	14.78	120.00	16.51	16.34	17.20	18.81	17.16	15.70	20.89	33.69	15.96	15.48	20.76	18.20	17.84	15.55	29.74	15.72	120.00	17.68	33.35	15.57	32.66	18.64	92.13	26.87	32.27	21.29	42.51	27.39	88.02	88.47	41.89	28.93	57.35	87.16	43.85	32.51	88.02	87.58	88.16	60.41	87.68	87.16	87.35	65.19	87.68	0	0	0	0	0	0	0	0	0	0	0	0	0	0	0	0	0	0	0	0	0	0	0	0	0	0	0	0	0	0	0	0	0	0	0	0	0	0	0	0	
87.30	88.30	87.54	67.70	87.30	88.20	63.45	87.01	18.16	66.08	62.37	60.58	120.00	20.58	120.00	58.66	20.62	21.43	29.09	57.39	21.49	21.46	24.91	27.32	38.45	34.66	23.32	24.78	30.67	23.73	23.78	23.78	29.42	26.00	15.52	21.96	31.55	27.13	12.61	20.93	34.54	101.80	11.43	14.79	35.17	32.65	12.25	11.01	89.05	37.85	87.97	10.72	39.78	93.73	87.13	89.69	45.41	87.92	87.15	28.51	80.41	88.75	87.56	87.37	0	0	0	0	0	0	0	0	0	0	0	0	0	0	0	0	0	0	0	0	0	0	0	0	0	0	0	0	0	0	0	0	0	0	0	0	
87.32	63.52	87.15	87.37	87.71	67.27	87.13	86.94	87.35	88.76	87.56	27.13	79.14	65.88	87.99	25.45	86.51	56.98	87.13	23.68	62.30	33.71	87.54	22.20	60.52	30.38	87.13	20.26	87.30	27.80	87.54	19.09	27.15	16.12	88.93	18.64	25.74	13.80	107.39	17.58	14.38	12.35	120.00	17.22	11.05	24.97	31.53	17.68	10.62	23.93	36.12	17.58	12.56	24.50	21.51	18.14	22.97	25.02	22.70	18.90	23.85	26.41	19.90	21.24	25.89	87.70	19.69	87.25	24.59	87.75	20.96	87.27	26.53	58.73	22.85	66.19	28.40	36.75	25.38	64.67	31.08	88.18	87.04	88.13	0	0	0	0	0	0	0	0	0	0	0	0	0	0	0	0	
87.22	83.83	87.89	68.64	87.63	87.35	61.34	63.87	87.63	87.35	36.39	60.64	22.59	63.92	59.59	59.23	23.76	25.95	69.88	58.26	24.54	25.79	57.27	56.08	21.51	92.71	25.07	29.52	21.82	24.19	26.07	27.78	22.35	50.81	22.49	27.03	23.85	24.40	22.06	23.37	24.54	25.95	11.43	21.65	25.64	24.45	8.95	19.97	33.32	27.29	8.54	10.07	33.59	24.09	11.58	8.08	34.95	27.63	22.96	7.42	37.08	26.10	20.77	9.05	40.05	25.53	21.77	114.57	87.63	91.62	87.08	19.45	87.25	89.23	87.46	19.91	0	0	0	0	0	0	0	0	0	0	0	0	0	0	0	0	0	0	0	0	0	0	0	0	
87.32	51.01	86.63	86.96	87.30	88.32	87.13	30.84	77.53	36.24	87.13	35.91	87.30	26.00	87.11	27.11	37.15	22.85	87.54	25.45	88.13	21.67	88.88	16.56	26.15	20.84	25.33	13.06	23.90	21.92	24.71	11.79	22.80	22.23	24.71	11.12	22.49	24.45	11.22	11.63	22.49	25.07	9.47	105.84	23.54	92.34	10.81	22.97	25.96	29.81	18.20	24.33	91.96	41.74	91.92	87.71	29.42	52.80	88.75	88.13	31.44	45.96	23.01	61.77	45.67	88.64	87.46	88.14	0	0	0	0	0	0	0	0	0	0	0	0	0	0	0	0	0	0	0	0	0	0	0	0	0	0	0	0	0	0	0	0	
87.27	87.89	63.26	88.64	21.03	66.55	64.04	63.54	19.24	65.38	60.82	61.96	18.95	65.69	59.43	60.24	18.52	24.60	28.90	59.85	20.05	23.42	90.24	57.77	21.77	22.66	24.55	28.56	20.93	92.80	22.96	26.22	21.62	23.21	22.80	24.98	22.39	22.18	12.46	21.74	23.23	23.02	10.03	20.64	34.38	23.37	10.55	11.89	26.20	25.12	10.91	10.15	27.46	25.12	21.96	9.55	29.14	26.51	21.15	9.91	35.48	27.80	22.03	12.15	37.99	36.70	23.57	21.63	39.76	38.61	87.49	20.98	87.25	39.57	87.08	20.77	87.66	88.76	87.08	22.35	87.25	88.73	87.10	26.51	81.39	88.73	87.49	87.75	0	0	0	0	0	0	0	0	0	0	0	0	
87.32	28.01	87.15	15.84	87.30	92.49	87.56	14.88	87.71	20.89	88.47	14.18	89.86	20.96	16.86	13.81	120.00	19.98	15.36	15.34	22.54	20.29	14.95	17.16	20.67	20.40	15.41	23.73	19.83	22.39	15.98	24.69	20.03	24.45	23.68	25.86	19.04	23.80	23.99	91.94	19.57	25.79	24.35	27.73	19.78	26.98	25.33	87.73	20.24	87.82	26.00	64.00	21.77	88.63	29.26	59.38	22.13	67.44	87.46	87.66	24.74	64.88	86.63	88.13	0	0	0	0	0	0	0	0	0	0	0	0	0	0	0	0	0	0	0	0	0	0	0	0	0	0	0	0	0	0	0	0	0	0	0	0	
87.29	87.44	71.37	87.35	87.25	87.46	66.25	88.16	87.25	88.28	64.14	87.75	87.25	88.26	65.95	87.75	87.25	88.26	65.84	71.75	23.80	63.81	58.30	57.18	23.87	88.26	36.19	50.38	22.99	87.44	56.55	55.57	27.04	87.39	54.93	57.56	20.46	88.28	31.01	34.48	19.98	44.48	29.21	31.80	18.99	89.55	18.92	30.53	19.31	21.98	15.57	28.02	18.78	20.17	14.02	19.21	19.14	20.55	14.07	14.76	19.11	19.62	13.51	13.66	18.37	16.68	14.74	12.30	34.00	16.63	24.83	12.30	20.93	108.66	24.98	14.18	33.95	19.83	25.27	21.39	35.26	101.49	25.95	23.47	87.25	97.63	87.51	26.92	87.68	90.55	87.10	28.30	87.27	46.32	87.92	87.32	0	0	0	0	
87.39	89.21	87.20	22.11	87.37	89.30	87.20	19.71	87.37	90.89	26.82	19.50	87.78	28.66	25.27	20.22	89.97	28.32	20.12	17.23	120.00	27.13	18.09	16.87	35.26	32.58	17.63	15.96	35.00	29.48	15.52	21.19	28.45	33.76	16.65	20.77	35.10	33.56	14.18	21.44	28.40	35.72	19.90	23.26	34.11	39.64	15.46	87.75	29.60	39.95	20.72	87.35	38.02	87.85	60.50	87.41	40.12	44.93	87.49	86.94	43.63	50.24	87.13	87.75	48.38	88.75	87.13	87.41	47.18	88.73	87.15	87.35	0	0	0	0	0	0	0	0	0	0	0	0	0	0	0	0	0	0	0	0	0	0	0	0	0	0	0	0	
88.21	90.09	34.00	56.63	30.93	89.21	22.16	34.38	21.92	89.05	21.60	24.18	21.56	91.63	19.66	21.34	120.00	23.47	25.33	17.84	24.54	24.11	24.09	27.18	30.14	26.31	23.68	17.23	32.85	29.97	24.97	25.15	33.64	26.98	89.47	22.80	35.31	28.88	27.30	23.32	36.41	99.76	87.54	23.83	87.73	89.35	87.54	24.90	87.30	37.06	87.53	26.96	0	0	0	0	0	0	0	0	0	0	0	0	0	0	0	0	0	0	0	0	0	0	0	0	0	0	0	0	0	0	0	0	0	0	0	0	0	0	0	0	0	0	0	0	0	0	0	0	
87.42	90.03	87.25	37.63	87.01	88.85	87.25	30.07	87.37	25.79	87.59	27.94	87.78	91.48	87.18	34.85	87.39	21.27	34.05	29.78	87.80	96.68	32.71	29.55	90.34	20.55	120.00	27.68	34.64	40.10	4.71	84.14	35.31	39.62	26.05	62.11	39.23	88.68	26.82	62.92	38.25	50.79	88.01	87.04	42.18	87.90	87.18	87.39	87.37	80.95	87.59	87.82	0	0	0	0	0	0	0	0	0	0	0	0	0	0	0	0	0	0	0	0	0	0	0	0	0	0	0	0	0	0	0	0	0	0	0	0	0	0	0	0	0	0	0	0	0	0	0	0	
27.73	87.54	26.72	61.62	25.27	87.10	24.81	61.91	90.53	87.51	21.92	27.13	24.60	26.94	28.08	22.56	22.08	26.27	19.66	20.74	22.03	27.59	23.93	27.49	21.87	114.38	24.09	19.16	29.88	24.86	28.59	23.26	25.15	25.22	24.40	24.64	32.01	25.38	91.70	22.20	89.09	34.50	27.03	22.71	35.00	31.51	87.56	23.08	87.32	30.38	87.15	24.12	39.91	34.40	87.56	28.20	87.35	37.34	87.15	87.77	0	0	0	0	0	0	0	0	0	0	0	0	0	0	0	0	0	0	0	0	0	0	0	0	0	0	0	0	0	0	0	0	0	0	0	0	0	0	0	0	
87.39	90.03	87.22	23.83	87.39	98.88	88.06	23.49	87.39	32.59	88.97	19.62	89.59	28.69	20.53	18.97	120.00	33.85	18.78	17.80	31.46	31.74	17.85	22.03	36.32	32.65	15.15	22.53	31.51	33.28	15.98	22.61	33.56	35.60	21.67	27.77	120.00	38.90	22.82	65.07	36.55	88.32	23.80	64.60	37.08	89.57	87.92	87.78	43.83	87.85	87.10	88.18	0	0	0	0	0	0	0	0	0	0	0	0	0	0	0	0	0	0	0	0	0	0	0	0	0	0	0	0	0	0	0	0	0	0	0	0	0	0	0	0	0	0	0	0	0	0	0	0	
87.70	88.30	30.46	57.42	33.81	88.32	22.92	67.20	25.55	87.85	18.99	28.21	32.68	30.45	23.44	20.29	34.66	29.26	16.31	18.71	33.57	27.04	21.43	16.87	33.09	26.84	22.77	17.99	32.89	25.96	21.32	16.22	35.27	35.24	120.00	19.21	37.70	32.61	88.75	120.00	39.59	31.27	87.47	22.73	87.23	38.64	87.47	22.63	41.41	38.90	87.06	88.02	49.02	88.30	87.06	88.16	0	0	0	0	0	0	0	0	0	0	0	0	0	0	0	0	0	0	0	0	0	0	0	0	0	0	0	0	0	0	0	0	0	0	0	0	0	0	0	0	0	0	0	0	
87.34	89.21	87.15	35.43	87.34	89.26	87.56	33.35	87.34	88.95	87.15	28.88	87.32	27.51	87.61	27.10	88.21	20.24	89.47	29.21	120.00	17.06	32.32	30.14	16.91	82.51	31.75	31.17	15.77	17.32	31.75	32.44	16.65	22.82	34.04	35.33	14.55	23.64	34.86	35.88	19.79	89.05	38.18	40.00	23.45	88.69	37.08	52.87	88.54	87.82	39.30	46.75	87.23	87.41	48.11	88.14	87.25	87.87	44.33	87.73	0	0	0	0	0	0	0	0	0	0	0	0	0	0	0	0	0	0	0	0	0	0	0	0	0	0	0	0	0	0	0	0	0	0	0	0	0	0	0	0	
38.13	87.89	87.11	87.37	33.99	89.14	88.40	87.32	31.74	36.15	16.00	87.73	29.02	33.90	15.62	91.15	28.23	37.30	14.48	17.59	28.08	38.26	13.14	14.95	32.25	30.81	16.15	14.85	34.19	32.35	15.89	14.35	33.83	32.59	23.08	14.64	34.55	70.62	24.93	16.63	36.19	32.77	25.57	23.23	36.24	34.91	87.47	23.44	87.65	37.59	87.47	24.14	0	0	0	0	0	0	0	0	0	0	0	0	0	0	0	0	0	0	0	0	0	0	0	0	0	0	0	0	0	0	0	0	0	0	0	0	0	0	0	0	0	0	0	0	0	0	0	0	
87.34	33.93	87.15	88.20	87.32	25.91	87.58	24.66	86.91	30.70	88.38	24.67	32.04	24.52	88.87	26.60	29.33	22.58	120.00	87.73	88.59	88.26	5.45	80.57	87.63	89.14	35.45	87.32	87.65	87.85	37.92	48.40	0	0	0	0	0	0	0	0	0	0	0	0	0	0	0	0	0	0	0	0	0	0	0	0	0	0	0	0	0	0	0	0	0	0	0	0	0	0	0	0	0	0	0	0	0	0	0	0	0	0	0	0	0	0	0	0	0	0	0	0	0	0	0	0	0	0	0	0	
87.71	92.39	34.40	87.47	22.68	90.12	33.83	57.34	17.34	88.37	89.50	35.38	15.19	89.19	32.34	34.42	14.57	91.20	30.31	32.78	14.19	20.50	30.46	31.53	16.34	12.94	32.90	30.91	18.38	14.26	38.38	31.12	14.81	13.25	33.01	31.12	17.13	14.79	40.62	32.22	120.00	14.85	41.55	34.21	87.77	30.70	44.38	42.10	87.35	95.81	45.69	42.56	87.35	89.21	47.96	44.73	87.34	89.19	87.16	45.29	68.11	88.38	87.58	86.92	87.73	86.58	87.16	52.68	0	0	0	0	0	0	0	0	0	0	0	0	0	0	0	0	0	0	0	0	0	0	0	0	0	0	0	0	0	0	0	0	
87.35	42.34	87.16	87.80	87.34	39.09	87.16	89.57	87.34	39.24	87.16	13.63	40.89	46.15	87.58	10.55	40.58	42.75	91.55	8.71	36.34	34.52	10.67	7.59	36.03	35.07	9.52	10.02	34.35	34.24	7.71	7.94	40.89	33.44	7.61	11.29	32.35	36.32	91.29	17.49	32.32	40.84	95.53	88.14	40.89	46.67	17.54	87.75	41.25	46.36	88.40	87.37	87.27	48.57	87.96	87.75	43.99	88.68	87.11	87.34	46.34	88.68	87.11	87.32	0	0	0	0	0	0	0	0	0	0	0	0	0	0	0	0	0	0	0	0	0	0	0	0	0	0	0	0	0	0	0	0	0	0	0	0	
67.82	88.40	87.22	87.42	87.35	88.38	40.93	88.30	87.34	88.33	35.27	52.46	21.31	88.80	75.00	36.91	120.00	87.92	30.48	33.68	25.14	26.19	29.18	37.84	25.67	21.37	29.35	30.72	24.31	19.62	22.92	29.95	23.93	27.16	18.88	28.28	26.03	19.95	17.49	27.71	26.49	22.46	16.36	29.33	29.54	32.51	120.00	15.00	33.42	30.34	87.54	14.33	37.23	32.71	87.59	89.04	87.34	35.45	87.54	87.39	87.30	41.87	87.59	87.39	87.35	44.04	87.59	87.39	0	0	0	0	0	0	0	0	0	0	0	0	0	0	0	0	0	0	0	0	0	0	0	0	0	0	0	0	0	0	0	0	
87.30	89.21	87.54	38.76	66.99	88.38	87.54	35.14	73.99	88.37	87.99	33.92	87.75	15.57	87.53	31.36	87.29	13.20	34.24	28.37	15.19	12.68	35.58	26.08	14.40	11.65	32.85	30.09	13.45	12.92	32.18	25.88	12.46	12.77	27.58	26.00	12.15	13.71	33.42	29.40	12.53	15.76	28.87	30.65	12.42	103.87	31.41	97.18	13.16	27.61	111.58	31.43	14.45	87.82	29.43	87.35	16.60	38.11	30.64	35.84	88.52	88.26	31.19	55.46	87.25	88.30	87.06	66.87	87.25	87.87	66.07	87.75	87.23	88.28	70.67	87.75	0	0	0	0	0	0	0	0	0	0	0	0	0	0	0	0	0	0	0	0	0	0	0	0	
87.25	87.84	32.39	54.55	87.70	88.54	88.35	37.53	25.19	87.82	26.60	87.75	32.25	88.18	24.62	89.31	24.47	29.78	24.47	28.63	33.37	25.76	20.65	24.00	24.83	26.48	14.76	23.69	28.08	26.60	13.30	19.74	31.84	28.81	12.58	14.04	120.00	29.00	90.31	10.69	37.06	34.47	87.94	11.60	87.22	38.59	87.42	21.25	87.23	39.14	87.06	90.34	0	0	0	0	0	0	0	0	0	0	0	0	0	0	0	0	0	0	0	0	0	0	0	0	0	0	0	0	0	0	0	0	0	0	0	0	0	0	0	0	0	0	0	0	0	0	0	0	
87.27	88.21	87.04	33.76	87.25	89.09	87.03	18.81	86.86	30.09	87.04	15.81	87.63	33.08	87.87	15.15	31.62	25.55	88.85	17.10	27.70	25.96	19.97	15.45	24.91	32.41	15.52	15.31	25.45	25.81	14.38	16.32	107.10	30.86	16.29	25.26	27.32	25.84	14.69	20.14	28.33	91.31	17.03	27.87	120.00	32.56	20.22	87.29	29.02	87.77	87.84	88.09	31.58	57.06	87.01	88.09	0	0	0	0	0	0	0	0	0	0	0	0	0	0	0	0	0	0	0	0	0	0	0	0	0	0	0	0	0	0	0	0	0	0	0	0	0	0	0	0	0	0	0	0	
30.36	88.78	26.96	58.87	28.28	44.05	25.31	87.84	26.72	37.39	23.85	90.40	27.92	29.47	22.37	24.91	18.75	27.92	22.56	23.69	14.83	26.17	22.04	23.44	15.77	16.55	31.10	23.04	16.56	16.49	24.62	25.02	120.00	14.33	33.73	25.48	29.05	17.97	33.52	24.86	87.70	25.86	87.94	32.39	87.65	28.54	87.47	32.13	87.66	34.97	87.04	87.61	87.27	71.01	87.46	87.34	0	0	0	0	0	0	0	0	0	0	0	0	0	0	0	0	0	0	0	0	0	0	0	0	0	0	0	0	0	0	0	0	0	0	0	0	0	0	0	0	0	0	0	0	
87.66	35.02	87.10	89.11	87.29	31.27	87.10	12.10	87.29	31.58	87.53	11.05	35.40	28.28	88.45	10.89	30.53	28.54	14.18	11.49	120.00	30.33	12.99	12.96	26.82	27.30	12.63	14.28	30.00	32.13	12.78	16.77	31.05	112.51	14.12	24.71	27.03	27.18	15.00	26.86	29.64	33.57	17.44	88.44	111.49	88.26	89.26	33.56	31.55	87.82	87.41	87.73	35.03	88.69	87.04	87.71	0	0	0	0	0	0	0	0	0	0	0	0	0	0	0	0	0	0	0	0	0	0	0	0	0	0	0	0	0	0	0	0	0	0	0	0	0	0	0	0	0	0	0	0	
87.35	89.16	75.10	87.39	87.34	89.16	71.43	87.77	34.55	88.32	87.18	87.78	32.15	43.47	25.19	63.13	38.37	88.78	22.56	66.19	39.26	45.17	22.54	32.99	29.59	40.46	20.58	24.00	29.47	31.79	20.27	22.01	18.18	30.14	19.86	22.11	16.60	28.95	28.30	20.24	16.29	19.98	21.99	21.34	16.60	17.30	29.28	22.63	18.13	16.32	33.78	31.01	89.97	16.55	33.52	30.81	31.36	18.35	87.15	31.32	87.34	29.73	87.15	32.29	87.70	88.75	87.58	34.21	87.34	88.75	87.15	36.25	76.13	87.85	87.56	87.73	0	0	0	0	0	0	0	0	0	0	0	0	0	0	0	0	0	0	0	0	0	0	0	0	
87.34	88.81	87.58	21.25	87.39	24.93	87.15	20.60	87.34	22.77	23.95	21.25	27.65	20.40	21.99	21.62	89.54	18.14	21.82	21.98	20.27	17.89	22.61	22.78	20.84	17.01	22.61	24.19	22.99	22.10	23.08	26.75	16.08	24.26	23.85	28.23	15.65	95.81	27.35	30.41	21.20	91.86	34.50	37.27	22.61	86.98	35.38	87.32	88.57	87.41	44.28	87.73	87.23	88.69	41.80	88.14	87.22	87.82	44.74	87.73	0	0	0	0	0	0	0	0	0	0	0	0	0	0	0	0	0	0	0	0	0	0	0	0	0	0	0	0	0	0	0	0	0	0	0	0	0	0	0	0	
50.41	87.96	87.61	86.99	87.75	87.92	49.55	87.84	21.79	87.96	87.97	86.56	88.69	87.96	19.35	47.84	19.02	87.92	17.80	89.00	17.75	34.98	15.52	91.70	17.34	19.93	16.05	19.93	17.65	19.26	15.15	17.96	19.54	17.66	15.89	17.04	19.38	18.02	16.03	16.68	26.34	18.90	17.90	16.48	27.08	20.36	120.00	16.12	27.97	25.86	88.51	16.87	28.23	32.96	87.56	18.01	29.95	92.85	87.10	20.24	31.10	90.12	87.13	22.01	86.92	88.21	87.53	24.66	81.89	87.89	87.11	87.77	0	0	0	0	0	0	0	0	0	0	0	0	0	0	0	0	0	0	0	0	0	0	0	0	0	0	0	0	
87.35	88.75	87.58	24.42	63.37	87.92	87.58	22.68	86.92	30.64	87.59	21.67	87.34	95.07	87.99	21.25	87.75	120.00	22.61	20.29	89.62	18.35	23.59	20.64	120.00	16.03	20.53	21.51	120.00	14.90	20.17	22.22	22.73	13.76	20.69	24.91	13.99	14.05	20.60	31.12	12.78	15.88	21.98	32.99	12.42	91.36	31.56	35.27	14.67	88.21	34.24	37.32	88.90	88.23	35.86	42.73	87.18	87.77	36.15	87.63	87.18	88.18	38.49	87.68	87.18	87.39	45.05	87.29	0	0	0	0	0	0	0	0	0	0	0	0	0	0	0	0	0	0	0	0	0	0	0	0	0	0	0	0	0	0	0	0	
87.35	89.19	69.90	88.21	87.35	88.33	41.60	46.67	63.04	87.82	87.18	87.39	33.33	88.38	24.36	63.54	14.83	88.38	23.59	88.25	12.68	91.51	23.33	91.25	13.57	14.54	24.12	28.57	14.09	12.99	23.54	25.53	15.24	12.25	23.38	25.58	17.80	12.37	23.59	24.62	18.33	17.01	23.85	24.45	18.49	16.32	24.88	24.21	17.70	19.36	25.96	24.86	18.49	16.58	26.63	25.17	19.38	16.58	27.94	25.72	89.11	17.66	29.38	25.98	87.75	18.97	87.99	27.25	87.32	18.33	87.10	27.82	87.32	90.58	87.10	29.28	87.32	88.33	87.11	30.26	77.06	88.75	87.51	87.75	0	0	0	0	0	0	0	0	0	0	0	0	0	0	0	0	
87.39	88.44	87.20	26.84	87.39	91.10	87.20	22.77	87.39	26.27	87.63	20.74	88.23	23.13	89.02	18.87	25.60	35.09	20.07	18.61	25.98	26.43	17.22	17.39	24.47	32.66	16.46	19.67	26.72	33.16	15.00	22.78	26.91	29.35	16.65	23.28	34.19	36.25	107.94	89.04	34.71	39.30	21.51	69.02	35.91	88.75	20.09	69.59	39.07	87.87	87.47	88.64	48.71	88.33	87.11	86.58	0	0	0	0	0	0	0	0	0	0	0	0	0	0	0	0	0	0	0	0	0	0	0	0	0	0	0	0	0	0	0	0	0	0	0	0	0	0	0	0	0	0	0	0	
87.65	87.80	12.27	73.09	41.10	87.85	10.98	87.34	33.63	89.05	9.69	13.37	35.09	91.48	11.34	11.44	31.15	116.48	120.00	19.48	47.08	43.90	7.25	87.70	87.25	51.36	86.62	87.70	87.25	58.30	87.47	87.70	0	0	0	0	0	0	0	0	0	0	0	0	0	0	0	0	0	0	0	0	0	0	0	0	0	0	0	0	0	0	0	0	0	0	0	0	0	0	0	0	0	0	0	0	0	0	0	0	0	0	0	0	0	0	0	0	0	0	0	0	0	0	0	0	0	0	0	0	
87.34	46.46	87.56	87.80	87.70	41.56	87.56	87.39	87.71	37.66	87.11	88.71	42.37	38.95	87.11	11.94	38.23	35.60	87.99	10.33	35.60	39.97	91.98	9.57	34.73	36.96	11.70	8.90	33.09	39.21	10.14	10.53	32.73	33.90	9.74	14.60	35.62	31.74	13.51	20.65	74.78	36.53	12.99	28.26	36.24	38.69	19.30	88.56	35.14	38.52	90.38	88.61	37.70	88.23	87.94	87.75	36.67	42.41	87.01	87.35	38.08	87.87	87.44	87.35	39.81	88.69	87.08	87.75	44.62	88.69	87.08	87.35	46.41	88.69	87.06	87.75	0	0	0	0	0	0	0	0	0	0	0	0	0	0	0	0	0	0	0	0	0	0	0	0	
33.66	88.37	87.53	87.44	24.91	88.80	23.81	60.46	23.78	30.86	24.00	87.44	22.42	34.36	20.86	90.34	21.22	23.71	20.02	22.53	22.25	21.27	20.76	22.73	20.64	21.79	20.50	21.10	26.08	27.97	27.99	21.12	27.61	21.94	28.71	21.72	27.97	22.35	102.11	29.35	88.61	120.00	87.53	30.52	31.07	29.78	87.11	34.18	87.68	28.61	87.13	33.32	87.30	88.76	87.13	38.30	68.71	87.87	87.13	88.21	0	0	0	0	0	0	0	0	0	0	0	0	0	0	0	0	0	0	0	0	0	0	0	0	0	0	0	0	0	0	0	0	0	0	0	0	0	0	0	0	
87.35	87.87	87.15	25.57	87.34	88.38	87.13	25.15	87.30	23.59	29.12	24.55	87.70	24.42	88.04	24.50	89.57	20.45	27.32	25.43	27.23	10.72	26.13	24.45	20.53	9.90	25.45	24.86	20.27	8.76	25.15	25.98	120.00	87.75	45.57	50.53	3.99	80.96	87.84	87.29	0	0	0	0	0	0	0	0	0	0	0	0	0	0	0	0	0	0	0	0	0	0	0	0	0	0	0	0	0	0	0	0	0	0	0	0	0	0	0	0	0	0	0	0	0	0	0	0	0	0	0	0	0	0	0	0	0	0	0	0	
87.25	88.73	46.41	87.73	87.66	88.28	43.20	87.34	19.54	87.82	30.58	45.70	17.75	91.84	28.40	40.15	17.39	27.15	27.27	35.38	14.88	20.00	27.42	31.62	15.93	27.25	27.01	30.67	120.00	14.54	27.20	29.79	120.00	15.21	28.97	28.68	19.43	49.24	30.07	29.07	87.59	15.81	31.34	30.21	87.23	17.89	33.80	30.65	87.25	22.04	87.06	31.77	87.25	87.87	87.47	33.59	73.85	88.30	87.08	36.31	75.15	89.11	87.06	38.02	74.26	87.82	87.06	88.14	0	0	0	0	0	0	0	0	0	0	0	0	0	0	0	0	0	0	0	0	0	0	0	0	0	0	0	0	0	0	0	0	
87.37	88.38	87.58	25.07	57.23	89.21	87.58	24.47	54.93	120.00	26.03	25.58	53.52	23.13	25.70	26.49	53.63	19.78	26.44	27.56	54.00	19.11	25.98	27.01	56.15	18.81	26.86	28.52	18.61	22.11	26.44	31.72	21.74	14.48	26.86	38.23	18.97	11.65	29.59	36.25	16.39	12.16	36.27	40.33	12.58	11.86	37.22	46.07	9.38	88.18	43.25	42.75	8.54	89.05	40.40	87.68	87.18	89.52	46.82	87.70	87.20	87.80	48.26	87.70	87.59	71.91	87.44	87.75	0	0	0	0	0	0	0	0	0	0	0	0	0	0	0	0	0	0	0	0	0	0	0	0	0	0	0	0	0	0	0	0	
49.48	88.28	87.11	88.18	33.21	88.71	87.11	87.73	30.45	88.25	33.01	87.66	27.90	88.71	18.37	87.71	26.55	86.96	16.51	88.61	29.38	31.68	16.25	19.33	28.49	28.49	18.21	18.11	16.19	27.56	17.39	18.35	14.31	25.96	18.06	16.67	13.99	17.71	22.77	16.89	14.88	15.40	30.93	17.34	18.44	15.24	33.01	18.40	88.61	16.43	39.11	21.00	87.65	92.08	87.04	35.89	87.71	27.20	87.10	87.73	87.29	34.35	87.11	87.73	0	0	0	0	0	0	0	0	0	0	0	0	0	0	0	0	0	0	0	0	0	0	0	0	0	0	0	0	0	0	0	0	0	0	0	0	
87.29	88.75	87.10	19.98	87.34	32.03	87.11	17.25	87.29	29.67	87.51	15.93	32.58	29.21	88.45	15.82	89.54	29.48	17.44	15.62	30.79	30.76	15.17	16.13	29.97	22.94	15.36	18.09	36.34	19.62	14.48	18.21	20.64	19.59	13.92	27.71	19.23	22.30	15.02	27.51	19.00	91.37	17.80	32.90	21.53	87.78	89.76	31.74	34.52	88.20	87.78	88.11	35.21	87.37	87.01	87.71	39.07	87.77	87.42	87.70	39.12	89.05	87.01	87.70	41.43	89.05	87.03	87.70	0	0	0	0	0	0	0	0	0	0	0	0	0	0	0	0	0	0	0	0	0	0	0	0	0	0	0	0	0	0	0	0	
33.11	42.61	20.45	68.99	30.48	88.75	18.99	67.41	30.48	87.97	18.01	70.88	29.26	35.50	17.75	88.68	35.88	34.52	17.65	20.45	17.71	29.42	18.16	19.12	15.57	27.77	17.54	18.81	14.93	17.41	18.37	19.07	13.09	15.24	19.50	19.02	120.00	12.73	20.02	18.32	24.98	12.68	21.20	18.97	120.00	23.18	89.79	19.18	88.18	25.24	87.97	20.43	87.29	26.17	87.51	21.13	87.29	24.67	87.10	22.58	86.87	26.58	87.10	23.38	86.39	89.21	87.51	24.81	83.40	87.92	87.11	26.13	81.32	87.92	87.10	87.32	87.29	65.10	87.10	86.92	0	0	0	0	0	0	0	0	0	0	0	0	0	0	0	0	0	0	0	0	