86.87	88.75	87.44	32.32	86.86	87.89	87.46	31.82	86.87	88.85	35.02	90.72	86.80	92.92	87.87	29.88	87.27	120.00	31.39	29.43	120.00	120.00	114.11	35.07	4.30	88.54	31.60	88.38	116.75	34.93	29.64	87.68	88.44	87.82	31.31	87.22	0	0	0	0	0	0	0	0	0	0	0	0	0	0	0	0	0	0	0	0	0	0	0	0	0	0	0	0	0	0	0	0	0	0	0	0	0	0	0	0	0	0	0	0	0	0	0	0	0	0	0	0	0	0	0	0	0	0	0	0	0	0	0	0	
56.36	87.82	87.04	88.06	52.73	58.87	27.68	86.37	87.22	54.91	25.98	87.61	50.50	53.01	89.67	88.47	88.63	50.74	111.53	27.85	33.64	49.71	23.75	88.02	32.59	47.85	22.97	90.67	30.88	47.04	24.05	26.29	30.15	117.29	24.00	24.00	29.04	120.00	87.30	88.52	87.13	31.48	87.34	87.96	86.75	37.75	87.34	87.97	0	0	0	0	0	0	0	0	0	0	0	0	0	0	0	0	0	0	0	0	0	0	0	0	0	0	0	0	0	0	0	0	0	0	0	0	0	0	0	0	0	0	0	0	0	0	0	0	0	0	0	0	
87.20	87.84	87.01	32.78	86.77	90.05	87.01	120.00	87.18	91.62	87.01	120.00	20.95	120.00	88.73	37.58	23.97	87.78	35.64	88.02	86.70	88.66	36.92	88.44	0	0	0	0	0	0	0	0	0	0	0	0	0	0	0	0	0	0	0	0	0	0	0	0	0	0	0	0	0	0	0	0	0	0	0	0	0	0	0	0	0	0	0	0	0	0	0	0	0	0	0	0	0	0	0	0	0	0	0	0	0	0	0	0	0	0	0	0	0	0	0	0	0	0	0	0	
45.48	48.11	87.35	87.99	42.87	88.14	87.32	38.28	47.73	46.00	87.75	87.13	40.62	89.48	88.18	38.99	38.47	87.34	89.60	38.13	37.80	42.77	19.09	37.84	36.84	87.63	17.59	39.00	35.53	89.66	16.41	92.27	34.54	36.53	16.46	22.03	34.23	34.21	18.69	19.62	33.18	34.57	120.00	26.99	86.63	33.35	10.45	27.54	0	0	0	0	0	0	0	0	0	0	0	0	0	0	0	0	0	0	0	0	0	0	0	0	0	0	0	0	0	0	0	0	0	0	0	0	0	0	0	0	0	0	0	0	0	0	0	0	0	0	0	0	
87.10	88.97	87.29	64.54	87.10	88.08	87.30	48.95	86.72	88.97	87.30	44.47	86.68	90.76	86.91	41.17	86.67	120.00	42.73	42.51	88.02	14.74	41.91	120.00	120.00	12.53	42.15	40.52	120.00	14.18	43.25	40.40	13.88	14.79	40.40	40.52	13.20	13.40	39.36	40.53	12.30	13.51	39.24	40.72	11.82	17.58	40.98	41.13	11.82	120.00	42.63	88.38	0	0	0	0	0	0	0	0	0	0	0	0	0	0	0	0	0	0	0	0	0	0	0	0	0	0	0	0	0	0	0	0	0	0	0	0	0	0	0	0	0	0	0	0	0	0	0	0	
86.63	42.41	86.80	41.79	38.99	42.97	87.99	40.53	37.47	87.68	89.40	88.71	36.37	42.25	90.38	87.87	36.05	40.14	120.00	37.63	35.86	87.99	21.65	38.44	35.19	87.47	19.81	37.58	35.33	38.80	18.37	37.63	34.71	37.04	18.26	23.49	35.33	34.83	18.01	22.77	34.66	34.36	18.01	20.53	35.81	34.42	18.68	19.26	120.00	34.05	20.76	120.00	0	0	0	0	0	0	0	0	0	0	0	0	0	0	0	0	0	0	0	0	0	0	0	0	0	0	0	0	0	0	0	0	0	0	0	0	0	0	0	0	0	0	0	0	0	0	0	0	
87.13	88.25	86.96	38.64	87.15	87.39	86.96	37.22	86.74	89.62	39.85	90.17	86.74	120.00	41.03	120.00	87.63	120.00	39.42	35.34	120.00	20.36	36.27	120.00	4.83	19.59	120.00	36.96	120.00	88.11	36.74	40.33	19.42	88.11	96.01	87.16	22.71	88.66	36.17	87.22	0	0	0	0	0	0	0	0	0	0	0	0	0	0	0	0	0	0	0	0	0	0	0	0	0	0	0	0	0	0	0	0	0	0	0	0	0	0	0	0	0	0	0	0	0	0	0	0	0	0	0	0	0	0	0	0	0	0	0	0	
37.06	88.66	87.41	88.01	35.84	87.80	86.98	46.32	36.12	86.92	88.26	43.97	89.36	88.26	93.08	87.59	34.86	87.75	26.13	42.41	35.91	39.21	23.02	89.16	33.14	36.53	21.99	90.58	32.99	37.06	21.43	92.37	33.13	35.19	20.79	92.96	32.46	34.21	20.45	103.45	32.35	33.28	20.34	120.00	32.30	32.04	120.00	24.76	87.10	90.77	86.55	26.34	87.08	87.32	87.30	29.64	0	0	0	0	0	0	0	0	0	0	0	0	0	0	0	0	0	0	0	0	0	0	0	0	0	0	0	0	0	0	0	0	0	0	0	0	0	0	0	0	0	0	0	0	
86.77	88.71	87.01	36.20	86.75	88.13	86.99	33.54	86.77	89.18	87.84	32.13	86.79	95.96	86.94	31.82	87.18	120.00	88.69	30.70	89.42	120.00	120.00	32.89	23.35	25.45	28.63	32.34	120.00	88.68	86.98	88.09	4.40	88.20	87.37	87.63	0	0	0	0	0	0	0	0	0	0	0	0	0	0	0	0	0	0	0	0	0	0	0	0	0	0	0	0	0	0	0	0	0	0	0	0	0	0	0	0	0	0	0	0	0	0	0	0	0	0	0	0	0	0	0	0	0	0	0	0	0	0	0	0	
30.67	88.71	87.06	88.09	28.21	88.71	87.84	51.80	29.05	86.05	87.84	88.09	89.38	31.22	32.44	48.44	120.00	88.16	30.41	87.18	27.27	87.39	30.26	47.73	26.29	88.63	120.00	34.67	25.34	90.64	120.00	90.19	25.65	93.61	120.00	91.91	25.50	54.62	120.00	111.99	25.60	26.49	29.28	120.00	27.27	25.70	28.09	31.98	27.63	25.41	28.14	30.05	120.00	25.60	120.00	31.56	86.82	88.71	34.62	30.86	86.82	87.84	87.47	33.49	86.82	87.89	87.06	35.17	86.84	87.90	87.90	37.11	0	0	0	0	0	0	0	0	0	0	0	0	0	0	0	0	0	0	0	0	0	0	0	0	0	0	0	0	
86.92	88.81	87.15	59.52	86.94	89.30	87.53	39.66	86.94	88.01	87.53	37.73	86.92	89.71	88.40	36.96	86.92	22.94	39.02	120.00	120.00	25.00	120.00	36.41	4.83	87.89	33.88	38.08	23.76	88.35	34.50	87.73	24.76	88.35	33.21	38.52	0	0	0	0	0	0	0	0	0	0	0	0	0	0	0	0	0	0	0	0	0	0	0	0	0	0	0	0	0	0	0	0	0	0	0	0	0	0	0	0	0	0	0	0	0	0	0	0	0	0	0	0	0	0	0	0	0	0	0	0	0	0	0	0	
86.86	54.04	32.39	87.29	87.23	49.91	28.92	87.66	87.29	48.54	29.23	88.06	88.63	88.28	120.00	29.62	116.07	92.30	29.69	29.93	29.24	91.89	27.53	91.15	26.12	34.05	27.46	56.77	25.07	29.16	28.51	27.13	24.23	27.92	31.39	28.21	24.71	27.41	120.00	111.56	86.82	88.25	69.05	88.08	0	0	0	0	0	0	0	0	0	0	0	0	0	0	0	0	0	0	0	0	0	0	0	0	0	0	0	0	0	0	0	0	0	0	0	0	0	0	0	0	0	0	0	0	0	0	0	0	0	0	0	0	0	0	0	0	
87.29	88.76	87.11	44.33	86.86	88.35	87.10	43.76	86.89	18.92	87.10	39.81	86.99	16.19	87.04	39.60	86.87	16.34	87.47	38.02	87.71	17.11	87.94	38.37	16.37	15.72	40.81	120.00	14.76	15.10	120.00	43.26	120.00	87.41	39.47	45.58	88.06	88.23	42.10	87.27	87.18	88.76	49.09	87.71	0	0	0	0	0	0	0	0	0	0	0	0	0	0	0	0	0	0	0	0	0	0	0	0	0	0	0	0	0	0	0	0	0	0	0	0	0	0	0	0	0	0	0	0	0	0	0	0	0	0	0	0	0	0	0	0	
30.05	88.76	87.85	87.29	31.31	88.32	28.99	87.68	120.00	34.31	25.93	87.63	120.00	90.21	24.67	89.81	30.81	91.48	23.38	44.57	31.24	35.86	22.71	42.34	30.98	32.46	22.04	120.00	31.87	31.32	21.51	25.82	33.23	33.28	20.95	24.09	120.00	39.42	87.37	23.64	3.99	80.36	87.37	87.16	0	0	0	0	0	0	0	0	0	0	0	0	0	0	0	0	0	0	0	0	0	0	0	0	0	0	0	0	0	0	0	0	0	0	0	0	0	0	0	0	0	0	0	0	0	0	0	0	0	0	0	0	0	0	0	0	
87.18	89.11	86.99	39.69	87.18	88.25	87.01	38.93	86.77	87.89	87.42	33.95	87.16	120.00	35.40	35.79	88.49	22.97	37.10	33.51	120.00	120.00	40.41	87.23	4.30	79.31	86.96	87.23	0	0	0	0	0	0	0	0	0	0	0	0	0	0	0	0	0	0	0	0	0	0	0	0	0	0	0	0	0	0	0	0	0	0	0	0	0	0	0	0	0	0	0	0	0	0	0	0	0	0	0	0	0	0	0	0	0	0	0	0	0	0	0	0	0	0	0	0	0	0	0	0	
86.70	66.29	86.94	87.56	56.96	88.18	87.35	87.56	57.61	60.21	86.94	87.56	55.84	58.99	23.02	87.54	87.11	54.66	23.33	87.15	39.09	55.57	55.70	26.03	37.58	53.73	120.00	87.13	97.32	91.22	19.91	91.01	120.00	88.49	19.97	120.00	33.69	38.23	20.69	19.31	33.61	36.74	120.00	20.03	120.00	34.36	120.00	87.18	0	0	0	0	0	0	0	0	0	0	0	0	0	0	0	0	0	0	0	0	0	0	0	0	0	0	0	0	0	0	0	0	0	0	0	0	0	0	0	0	0	0	0	0	0	0	0	0	0	0	0	0	
86.77	87.82	87.39	42.13	86.77	88.25	86.99	36.70	86.77	89.98	86.98	33.80	86.77	120.00	37.99	36.39	87.22	120.00	120.00	40.21	16.65	120.00	86.53	88.04	0	0	0	0	0	0	0	0	0	0	0	0	0	0	0	0	0	0	0	0	0	0	0	0	0	0	0	0	0	0	0	0	0	0	0	0	0	0	0	0	0	0	0	0	0	0	0	0	0	0	0	0	0	0	0	0	0	0	0	0	0	0	0	0	0	0	0	0	0	0	0	0	0	0	0	0	
87.13	61.00	86.96	87.59	53.49	88.61	87.35	87.58	86.75	56.99	87.35	87.56	86.72	54.83	26.27	87.58	87.13	53.11	26.75	87.59	87.61	51.89	59.95	29.18	32.25	50.03	120.00	28.63	31.20	51.63	120.00	27.10	31.29	88.52	23.13	26.19	30.41	98.13	23.13	25.98	30.67	36.53	23.80	23.23	30.52	35.50	23.44	22.03	30.62	30.96	24.90	22.11	29.93	31.37	120.00	26.34	86.72	39.60	87.77	87.54	0	0	0	0	0	0	0	0	0	0	0	0	0	0	0	0	0	0	0	0	0	0	0	0	0	0	0	0	0	0	0	0	0	0	0	0	0	0	0	0	
86.77	87.73	87.37	31.82	86.75	88.61	87.82	30.34	86.75	90.36	87.82	30.65	86.75	120.00	31.65	33.30	46.77	120.00	89.57	29.12	90.31	25.24	120.00	90.64	120.00	88.20	26.13	86.80	28.88	88.30	120.00	87.61	31.62	88.30	87.35	87.27	0	0	0	0	0	0	0	0	0	0	0	0	0	0	0	0	0	0	0	0	0	0	0	0	0	0	0	0	0	0	0	0	0	0	0	0	0	0	0	0	0	0	0	0	0	0	0	0	0	0	0	0	0	0	0	0	0	0	0	0	0	0	0	0	
86.92	89.60	87.53	58.40	86.92	88.75	87.15	56.77	27.73	89.64	87.94	88.14	88.04	88.35	35.58	89.90	120.00	88.80	35.02	87.32	120.00	20.15	120.00	36.91	4.40	82.22	41.75	39.35	86.80	88.25	87.90	41.17	86.84	87.82	87.06	44.78	0	0	0	0	0	0	0	0	0	0	0	0	0	0	0	0	0	0	0	0	0	0	0	0	0	0	0	0	0	0	0	0	0	0	0	0	0	0	0	0	0	0	0	0	0	0	0	0	0	0	0	0	0	0	0	0	0	0	0	0	0	0	0	0	
87.35	89.28	87.16	34.21	86.92	87.99	87.16	30.96	86.94	92.16	32.29	30.03	87.34	120.00	27.27	30.29	25.40	27.25	27.63	29.74	26.43	29.57	30.62	90.77	120.00	31.32	28.76	87.70	90.72	87.94	29.74	87.30	31.19	88.33	87.46	87.70	0	0	0	0	0	0	0	0	0	0	0	0	0	0	0	0	0	0	0	0	0	0	0	0	0	0	0	0	0	0	0	0	0	0	0	0	0	0	0	0	0	0	0	0	0	0	0	0	0	0	0	0	0	0	0	0	0	0	0	0	0	0	0	0	
36.89	88.69	87.92	48.78	35.27	88.71	87.92	46.41	86.87	88.28	87.04	45.79	35.58	90.09	90.50	88.57	35.48	88.25	90.27	40.88	33.20	38.08	120.00	39.76	33.20	37.77	22.82	39.45	33.66	37.92	21.63	40.52	33.18	35.91	20.86	27.15	33.66	34.00	20.19	25.52	34.23	34.36	19.66	24.91	34.02	113.18	19.30	21.41	120.00	34.88	22.41	19.59	120.00	36.84	120.00	88.04	0	0	0	0	0	0	0	0	0	0	0	0	0	0	0	0	0	0	0	0	0	0	0	0	0	0	0	0	0	0	0	0	0	0	0	0	0	0	0	0	0	0	0	0	
86.79	88.63	86.98	42.70	86.77	88.20	87.35	37.46	86.77	90.00	86.94	36.80	86.75	120.00	38.90	35.93	87.23	120.00	33.57	113.14	19.05	18.85	33.83	36.39	18.85	20.81	32.73	36.13	120.00	88.32	87.39	88.04	4.30	87.46	86.96	87.68	0	0	0	0	0	0	0	0	0	0	0	0	0	0	0	0	0	0	0	0	0	0	0	0	0	0	0	0	0	0	0	0	0	0	0	0	0	0	0	0	0	0	0	0	0	0	0	0	0	0	0	0	0	0	0	0	0	0	0	0	0	0	0	0	
32.97	88.35	87.06	88.13	31.31	88.76	87.89	87.27	33.08	87.94	90.57	87.71	30.46	87.82	26.96	88.02	120.00	24.78	28.30	27.75	4.40	25.03	30.12	120.00	88.85	25.57	30.62	29.33	87.13	25.65	33.63	30.89	86.32	27.10	36.27	32.01	87.13	87.78	87.35	36.55	0	0	0	0	0	0	0	0	0	0	0	0	0	0	0	0	0	0	0	0	0	0	0	0	0	0	0	0	0	0	0	0	0	0	0	0	0	0	0	0	0	0	0	0	0	0	0	0	0	0	0	0	0	0	0	0	0	0	0	0	
86.87	88.69	87.04	43.66	87.23	90.00	87.06	43.21	87.23	87.82	87.01	42.85	86.84	90.55	87.87	41.17	87.22	120.00	88.76	40.07	120.00	14.90	40.10	61.51	4.73	91.80	40.09	88.38	14.30	88.25	41.96	87.63	86.72	87.78	44.18	87.18	86.72	88.25	46.70	87.66	0	0	0	0	0	0	0	0	0	0	0	0	0	0	0	0	0	0	0	0	0	0	0	0	0	0	0	0	0	0	0	0	0	0	0	0	0	0	0	0	0	0	0	0	0	0	0	0	0	0	0	0	0	0	0	0	0	0	0	0	
34.38	88.08	87.35	87.58	34.74	37.61	90.45	87.61	33.76	87.77	120.00	87.97	34.74	88.56	23.95	88.38	32.41	90.52	20.91	41.84	31.82	92.71	19.83	24.50	31.62	120.00	20.24	22.11	32.87	31.79	21.63	21.60	33.28	30.95	120.00	87.59	0	0	0	0	0	0	0	0	0	0	0	0	0	0	0	0	0	0	0	0	0	0	0	0	0	0	0	0	0	0	0	0	0	0	0	0	0	0	0	0	0	0	0	0	0	0	0	0	0	0	0	0	0	0	0	0	0	0	0	0	0	0	0	0	
87.18	88.18	87.78	44.31	86.89	88.23	87.37	44.28	86.77	90.98	87.41	40.82	86.77	34.05	87.35	26.03	88.06	32.25	89.11	23.02	120.00	34.62	120.00	88.01	34.40	88.66	22.82	87.99	35.43	87.78	86.91	87.58	37.27	87.35	87.78	87.59	0	0	0	0	0	0	0	0	0	0	0	0	0	0	0	0	0	0	0	0	0	0	0	0	0	0	0	0	0	0	0	0	0	0	0	0	0	0	0	0	0	0	0	0	0	0	0	0	0	0	0	0	0	0	0	0	0	0	0	0	0	0	0	0	
86.86	88.75	87.10	50.62	29.26	57.34	87.04	48.83	87.71	88.71	88.35	51.60	119.79	32.77	30.57	87.27	120.00	87.78	32.63	47.92	24.76	90.21	29.69	90.27	24.91	98.33	27.68	34.93	24.97	25.98	27.63	120.00	26.01	23.87	28.40	29.95	120.00	88.25	87.37	36.05	4.83	79.12	87.01	87.61	0	0	0	0	0	0	0	0	0	0	0	0	0	0	0	0	0	0	0	0	0	0	0	0	0	0	0	0	0	0	0	0	0	0	0	0	0	0	0	0	0	0	0	0	0	0	0	0	0	0	0	0	0	0	0	0	
86.87	89.19	87.51	35.53	86.86	87.87	87.10	32.53	87.25	88.35	36.94	35.03	86.86	93.69	34.04	33.09	87.29	120.00	90.52	30.55	120.00	23.49	120.00	36.91	4.40	25.70	34.97	89.31	21.67	87.78	35.86	87.22	21.00	88.21	37.35	87.63	0	0	0	0	0	0	0	0	0	0	0	0	0	0	0	0	0	0	0	0	0	0	0	0	0	0	0	0	0	0	0	0	0	0	0	0	0	0	0	0	0	0	0	0	0	0	0	0	0	0	0	0	0	0	0	0	0	0	0	0	0	0	0	0	
51.08	88.66	38.49	87.68	44.85	87.82	36.00	87.68	44.64	87.84	35.24	87.65	87.18	47.97	86.99	87.23	43.18	87.84	88.30	87.23	88.18	87.78	30.84	36.96	117.68	92.32	29.28	89.78	120.00	31.12	87.84	27.90	4.40	120.00	86.92	27.18	86.75	30.19	87.35	29.38	86.75	33.13	87.35	29.09	86.86	88.64	87.35	30.81	0	0	0	0	0	0	0	0	0	0	0	0	0	0	0	0	0	0	0	0	0	0	0	0	0	0	0	0	0	0	0	0	0	0	0	0	0	0	0	0	0	0	0	0	0	0	0	0	0	0	0	0	
87.30	90.67	87.11	120.00	25.48	25.15	29.85	31.12	24.54	27.27	30.10	32.58	23.59	120.00	32.18	32.99	23.35	90.24	31.03	89.86	25.64	87.82	120.00	87.70	24.38	88.85	34.55	87.71	86.86	88.81	36.99	87.77	0	0	0	0	0	0	0	0	0	0	0	0	0	0	0	0	0	0	0	0	0	0	0	0	0	0	0	0	0	0	0	0	0	0	0	0	0	0	0	0	0	0	0	0	0	0	0	0	0	0	0	0	0	0	0	0	0	0	0	0	0	0	0	0	0	0	0	0	
56.03	89.21	87.06	87.73	55.62	58.26	87.04	88.13	53.47	55.82	87.08	87.68	50.76	87.92	87.04	87.71	52.01	88.28	24.05	88.13	48.97	88.23	23.21	87.25	34.69	50.43	23.13	26.03	50.70	38.38	22.49	23.49	120.00	35.40	22.92	23.18	30.93	32.82	25.09	22.16	30.52	32.71	120.00	25.43	87.20	89.90	29.85	25.82	0	0	0	0	0	0	0	0	0	0	0	0	0	0	0	0	0	0	0	0	0	0	0	0	0	0	0	0	0	0	0	0	0	0	0	0	0	0	0	0	0	0	0	0	0	0	0	0	0	0	0	0	
86.87	88.30	87.08	53.78	86.86	87.87	87.92	36.34	87.23	90.60	87.04	33.04	87.22	120.00	32.11	29.23	88.16	120.00	30.21	31.25	24.86	22.77	31.46	28.81	24.97	22.51	120.00	87.73	27.96	88.28	29.02	87.30	87.65	36.00	87.46	87.68	0	0	0	0	0	0	0	0	0	0	0	0	0	0	0	0	0	0	0	0	0	0	0	0	0	0	0	0	0	0	0	0	0	0	0	0	0	0	0	0	0	0	0	0	0	0	0	0	0	0	0	0	0	0	0	0	0	0	0	0	0	0	0	0	
34.23	87.47	87.06	87.75	32.39	87.47	27.53	89.45	90.02	36.17	97.35	87.73	120.00	30.60	120.00	27.35	4.40	80.26	82.39	31.99	0	0	0	0	0	0	0	0	0	0	0	0	0	0	0	0	0	0	0	0	0	0	0	0	0	0	0	0	0	0	0	0	0	0	0	0	0	0	0	0	0	0	0	0	0	0	0	0	0	0	0	0	0	0	0	0	0	0	0	0	0	0	0	0	0	0	0	0	0	0	0	0	0	0	0	0	0	0	0	0	
87.30	88.42	87.53	30.86	87.30	90.64	87.51	31.01	87.29	92.27	87.84	29.43	88.23	120.00	120.00	32.59	120.00	88.71	87.01	87.63	4.83	86.63	87.03	87.68	0	0	0	0	0	0	0	0	0	0	0	0	0	0	0	0	0	0	0	0	0	0	0	0	0	0	0	0	0	0	0	0	0	0	0	0	0	0	0	0	0	0	0	0	0	0	0	0	0	0	0	0	0	0	0	0	0	0	0	0	0	0	0	0	0	0	0	0	0	0	0	0	0	0	0	0	
24.55	88.97	34.86	88.08	25.81	29.05	33.21	87.56	120.00	29.11	32.03	36.34	22.46	91.01	31.31	34.21	22.66	120.00	30.89	33.30	23.25	24.12	30.53	33.97	23.38	23.08	120.00	120.00	24.91	23.81	120.00	35.46	87.10	88.16	37.04	33.45	86.70	88.20	87.78	36.15	86.70	88.20	87.34	39.21	0	0	0	0	0	0	0	0	0	0	0	0	0	0	0	0	0	0	0	0	0	0	0	0	0	0	0	0	0	0	0	0	0	0	0	0	0	0	0	0	0	0	0	0	0	0	0	0	0	0	0	0	0	0	0	0	
87.27	87.94	87.11	36.75	86.86	88.76	87.22	36.31	86.86	87.47	87.53	32.23	86.87	89.71	87.11	31.51	86.86	29.62	34.71	33.14	88.59	120.00	120.00	34.73	20.57	24.48	31.92	35.82	120.00	87.27	34.60	87.97	22.34	27.10	36.22	87.20	21.92	88.25	35.58	87.61	26.89	87.82	38.26	88.06	0	0	0	0	0	0	0	0	0	0	0	0	0	0	0	0	0	0	0	0	0	0	0	0	0	0	0	0	0	0	0	0	0	0	0	0	0	0	0	0	0	0	0	0	0	0	0	0	0	0	0	0	0	0	0	0	
87.23	88.64	50.58	87.71	86.82	81.41	45.84	49.40	87.20	87.94	46.87	49.42	86.82	87.84	87.01	46.36	89.74	88.35	92.59	45.03	120.00	88.14	120.00	91.96	26.86	120.00	32.75	28.99	86.74	25.45	87.35	29.43	86.75	28.23	86.99	32.47	87.16	87.35	87.41	35.17	0	0	0	0	0	0	0	0	0	0	0	0	0	0	0	0	0	0	0	0	0	0	0	0	0	0	0	0	0	0	0	0	0	0	0	0	0	0	0	0	0	0	0	0	0	0	0	0	0	0	0	0	0	0	0	0	0	0	0	0	
39.24	35.19	86.94	28.57	36.15	35.40	87.35	25.00	86.70	94.62	87.35	23.33	35.22	120.00	120.00	87.94	86.77	86.87	32.34	88.49	0	0	0	0	0	0	0	0	0	0	0	0	0	0	0	0	0	0	0	0	0	0	0	0	0	0	0	0	0	0	0	0	0	0	0	0	0	0	0	0	0	0	0	0	0	0	0	0	0	0	0	0	0	0	0	0	0	0	0	0	0	0	0	0	0	0	0	0	0	0	0	0	0	0	0	0	0	0	0	0	
38.47	87.90	87.08	87.71	36.53	88.37	87.46	87.75	34.97	87.89	88.76	88.63	120.00	37.34	23.54	87.68	120.00	89.02	20.69	27.23	33.02	91.13	20.22	25.41	31.98	117.82	21.10	120.00	32.34	120.00	23.23	104.79	32.71	32.15	120.00	27.75	86.84	87.44	86.60	31.67	0	0	0	0	0	0	0	0	0	0	0	0	0	0	0	0	0	0	0	0	0	0	0	0	0	0	0	0	0	0	0	0	0	0	0	0	0	0	0	0	0	0	0	0	0	0	0	0	0	0	0	0	0	0	0	0	0	0	0	0	
86.87	25.46	87.11	33.76	86.91	89.73	87.53	31.82	87.29	27.27	87.47	32.29	26.55	120.00	34.40	30.81	25.64	25.36	32.70	29.74	26.65	24.67	31.05	28.81	120.00	32.15	120.00	88.33	4.71	86.08	28.56	87.27	89.31	88.32	30.69	87.70	0	0	0	0	0	0	0	0	0	0	0	0	0	0	0	0	0	0	0	0	0	0	0	0	0	0	0	0	0	0	0	0	0	0	0	0	0	0	0	0	0	0	0	0	0	0	0	0	0	0	0	0	0	0	0	0	0	0	0	0	0	0	0	0	
48.97	87.71	87.41	88.08	46.72	87.84	87.41	88.08	43.90	87.82	87.42	36.15	43.85	87.82	111.67	86.80	120.00	47.49	28.66	90.17	120.00	29.67	87.39	25.93	4.83	30.81	87.42	27.04	86.80	87.78	87.41	29.73	0	0	0	0	0	0	0	0	0	0	0	0	0	0	0	0	0	0	0	0	0	0	0	0	0	0	0	0	0	0	0	0	0	0	0	0	0	0	0	0	0	0	0	0	0	0	0	0	0	0	0	0	0	0	0	0	0	0	0	0	0	0	0	0	0	0	0	0	
87.29	36.37	87.47	87.73	87.27	33.80	87.11	29.48	86.87	89.79	45.67	26.94	86.87	120.00	87.94	120.00	90.26	28.90	120.00	30.45	29.09	86.89	26.55	87.16	90.21	88.28	31.39	88.02	31.98	88.71	33.26	87.25	31.25	88.30	86.99	87.68	0	0	0	0	0	0	0	0	0	0	0	0	0	0	0	0	0	0	0	0	0	0	0	0	0	0	0	0	0	0	0	0	0	0	0	0	0	0	0	0	0	0	0	0	0	0	0	0	0	0	0	0	0	0	0	0	0	0	0	0	0	0	0	0	
46.00	87.87	87.46	87.25	42.70	47.71	86.60	87.25	87.22	88.69	87.87	36.10	43.64	88.69	90.05	87.66	89.55	43.90	31.92	87.22	120.00	46.46	28.56	90.67	25.58	88.97	28.04	120.00	120.00	120.00	87.42	89.24	86.77	33.54	87.03	27.92	0	0	0	0	0	0	0	0	0	0	0	0	0	0	0	0	0	0	0	0	0	0	0	0	0	0	0	0	0	0	0	0	0	0	0	0	0	0	0	0	0	0	0	0	0	0	0	0	0	0	0	0	0	0	0	0	0	0	0	0	0	0	0	0	
86.86	87.94	87.11	32.78	86.84	87.06	87.10	31.75	86.84	90.57	33.93	120.00	22.61	120.00	34.57	35.45	120.00	87.78	34.19	87.63	23.87	88.21	87.39	87.63	0	0	0	0	0	0	0	0	0	0	0	0	0	0	0	0	0	0	0	0	0	0	0	0	0	0	0	0	0	0	0	0	0	0	0	0	0	0	0	0	0	0	0	0	0	0	0	0	0	0	0	0	0	0	0	0	0	0	0	0	0	0	0	0	0	0	0	0	0	0	0	0	0	0	0	0	
86.77	52.08	87.01	88.49	31.77	89.12	87.37	50.17	88.45	34.67	87.89	48.85	89.81	87.42	120.00	49.91	27.89	88.20	29.23	88.44	26.53	91.03	28.61	89.31	25.64	89.64	28.04	33.09	25.53	31.27	27.53	92.77	25.29	27.56	27.63	120.00	25.12	24.73	26.75	32.94	26.63	25.00	120.00	33.64	87.13	88.20	67.92	35.38	0	0	0	0	0	0	0	0	0	0	0	0	0	0	0	0	0	0	0	0	0	0	0	0	0	0	0	0	0	0	0	0	0	0	0	0	0	0	0	0	0	0	0	0	0	0	0	0	0	0	0	0	
86.77	87.84	87.84	34.42	86.75	87.37	87.71	30.34	86.77	89.19	87.01	120.00	27.47	27.56	25.81	120.00	26.43	120.00	26.44	30.60	26.48	28.18	120.00	91.07	27.22	28.95	28.35	88.83	120.00	32.04	89.69	88.06	0	0	0	0	0	0	0	0	0	0	0	0	0	0	0	0	0	0	0	0	0	0	0	0	0	0	0	0	0	0	0	0	0	0	0	0	0	0	0	0	0	0	0	0	0	0	0	0	0	0	0	0	0	0	0	0	0	0	0	0	0	0	0	0	0	0	0	0	
32.04	88.71	87.89	47.16	89.07	36.12	95.17	87.22	29.31	89.54	27.73	88.80	28.11	90.62	26.44	91.13	27.63	30.34	27.06	44.86	27.90	28.08	120.00	90.10	86.75	89.18	87.82	32.53	0	0	0	0	0	0	0	0	0	0	0	0	0	0	0	0	0	0	0	0	0	0	0	0	0	0	0	0	0	0	0	0	0	0	0	0	0	0	0	0	0	0	0	0	0	0	0	0	0	0	0	0	0	0	0	0	0	0	0	0	0	0	0	0	0	0	0	0	0	0	0	0	
86.82	87.42	87.04	33.13	86.82	90.00	87.06	32.37	86.80	120.00	32.70	33.23	22.66	19.36	32.70	34.00	20.67	23.44	33.99	33.97	19.62	120.00	38.08	87.27	0	0	0	0	0	0	0	0	0	0	0	0	0	0	0	0	0	0	0	0	0	0	0	0	0	0	0	0	0	0	0	0	0	0	0	0	0	0	0	0	0	0	0	0	0	0	0	0	0	0	0	0	0	0	0	0	0	0	0	0	0	0	0	0	0	0	0	0	0	0	0	0	0	0	0	0	
30.26	88.76	87.47	54.30	27.32	87.90	87.42	87.68	28.78	88.35	34.66	88.08	89.48	87.94	30.89	87.29	29.31	32.30	29.86	87.27	120.00	29.98	25.26	27.15	4.83	30.86	120.00	88.08	0	0	0	0	0	0	0	0	0	0	0	0	0	0	0	0	0	0	0	0	0	0	0	0	0	0	0	0	0	0	0	0	0	0	0	0	0	0	0	0	0	0	0	0	0	0	0	0	0	0	0	0	0	0	0	0	0	0	0	0	0	0	0	0	0	0	0	0	0	0	0	0	
