86.48	87.61	86.74	79.81	86.84	87.61	86.32	71.13	87.30	64.64	86.74	67.54	87.30	62.80	71.01	71.70	87.30	66.60	69.42	30.27	62.29	20.82	31.75	27.34	58.80	17.47	33.69	27.13	60.84	120.00	29.00	25.21	19.19	18.81	26.48	28.90	19.19	19.74	25.60	23.57	19.50	19.43	25.03	23.54	20.27	23.08	24.78	22.37	18.76	21.44	26.27	25.00	17.27	21.89	21.63	22.77	20.55	20.57	21.67	22.27	21.89	21.17	21.17	22.92	21.22	32.18	21.74	22.94	19.60	28.16	22.97	24.14	20.12	25.91	22.77	25.65	21.68	88.02	24.11	26.74	23.88	32.68	23.73	29.05	26.96	87.56	25.50	89.14	50.72	51.86	28.23	87.06	87.68	87.99	29.73	52.78	52.54	86.74	86.31	87.04	87.25	48.20	86.34	87.06	
86.86	87.58	77.51	86.20	86.84	72.04	86.29	87.06	64.54	87.58	73.90	76.31	60.57	87.99	86.70	87.53	47.75	63.06	45.15	42.70	60.69	87.58	70.10	73.57	20.50	64.86	85.93	71.08	18.40	59.50	32.46	50.65	17.71	60.22	27.71	31.53	16.31	21.91	29.00	28.04	12.30	18.25	29.11	58.11	12.10	25.53	28.44	28.04	11.62	14.14	29.36	29.11	11.46	18.30	28.95	27.78	12.99	12.96	32.30	28.14	13.09	12.75	33.49	29.21	12.66	19.69	31.89	32.70	13.97	14.19	32.46	31.99	17.20	14.59	33.69	32.96	120.00	17.01	88.04	33.78	23.30	19.23	37.15	34.79	43.52	120.00	87.11	36.51	86.84	41.20	86.70	86.60	87.22	40.14	86.65	86.65	0	0	0	0	
87.20	72.37	86.67	73.80	86.37	87.03	86.62	68.01	69.64	75.14	86.24	71.62	86.75	87.06	72.25	51.82	68.90	65.57	70.03	31.44	67.61	64.71	69.79	25.93	69.16	27.92	86.24	21.00	64.07	23.59	22.56	22.35	65.89	25.45	21.15	14.71	25.81	25.40	19.00	15.26	24.71	33.57	17.66	14.91	26.53	33.81	33.71	15.15	29.30	33.76	14.19	15.52	105.91	32.29	16.48	14.55	32.42	33.76	16.25	15.46	31.55	36.70	13.83	18.40	33.93	38.80	15.58	89.14	34.35	39.42	17.34	22.46	36.17	40.48	45.67	87.37	38.42	87.46	21.37	41.22	87.15	87.87	36.37	49.38	0	0	0	0	0	0	0	0	0	0	0	0	0	0	0	0	
86.22	86.12	68.13	86.41	76.89	86.08	66.27	86.46	72.35	73.13	62.66	66.56	70.22	87.35	86.13	63.45	26.22	72.61	60.40	63.44	25.55	32.65	60.27	60.84	31.60	27.35	23.13	61.32	22.73	27.59	20.34	58.71	24.19	25.86	21.01	20.55	22.78	25.96	21.94	19.73	20.38	28.63	21.53	19.02	19.86	26.43	20.55	20.58	19.81	46.67	105.95	20.12	20.12	21.24	23.75	19.93	20.53	20.57	24.36	21.70	20.81	20.21	27.25	28.45	20.22	21.84	26.89	26.77	22.56	23.44	29.42	25.76	25.07	21.19	88.02	27.37	87.18	24.05	54.23	89.43	87.49	51.75	87.06	31.29	31.58	87.89	87.04	48.08	87.08	31.36	86.27	86.99	0	0	0	0	0	0	0	0	
87.10	87.42	86.55	75.29	86.70	68.83	86.67	73.26	86.68	86.13	71.74	69.05	67.29	65.91	67.51	26.58	64.18	64.14	71.32	24.71	62.61	20.98	27.20	25.36	61.13	20.46	25.24	24.66	60.14	25.40	26.56	22.01	22.25	23.28	25.96	20.79	19.69	21.32	26.10	21.36	21.79	26.48	21.43	19.31	20.53	20.86	20.69	20.27	20.48	28.73	19.71	20.03	21.48	23.95	19.42	19.67	19.40	24.83	19.57	20.43	23.30	25.89	19.47	19.24	19.81	25.55	20.22	20.43	20.89	31.96	44.28	21.86	26.79	24.98	21.74	25.91	25.38	28.93	22.08	24.24	24.48	30.07	22.85	27.54	27.06	87.87	23.73	29.31	29.93	87.42	25.60	57.66	33.63	54.54	28.59	53.95	86.68	87.06	48.68	36.46	77.61	86.24	52.96	32.97	79.74	87.11	87.04	87.01	
86.94	87.10	86.29	44.07	87.59	90.50	20.81	42.18	89.19	37.99	18.54	38.95	94.93	38.14	16.00	20.29	35.29	34.79	15.14	17.49	25.91	33.87	15.38	15.82	25.40	36.49	14.14	15.07	24.09	34.43	13.99	15.33	23.26	29.21	14.09	14.52	23.37	28.42	14.76	13.35	24.24	27.03	15.27	12.99	22.73	24.98	16.20	13.45	25.65	26.58	16.58	14.30	22.84	24.78	16.94	15.33	22.78	25.55	17.13	15.88	25.45	25.19	17.61	17.30	60.26	27.25	20.29	17.99	53.42	27.13	20.27	18.92	57.29	59.16	25.86	29.86	56.08	58.59	27.87	23.93	56.34	54.83	86.39	29.21	61.00	60.74	86.32	29.16	87.25	64.14	86.32	29.21	65.72	86.63	86.31	34.48	86.48	68.71	86.32	87.06	
86.84	72.06	86.74	86.65	86.82	71.75	86.34	66.44	71.65	69.48	71.00	54.14	86.80	68.04	86.68	52.37	66.13	88.38	65.98	24.69	64.42	20.98	65.21	23.18	63.01	25.03	29.11	23.18	19.97	20.62	23.38	23.38	19.23	22.61	25.60	21.56	19.66	27.59	28.44	20.89	21.48	27.30	21.43	29.26	23.04	23.13	21.89	23.78	24.09	23.85	27.25	24.14	21.79	26.22	23.95	25.67	21.99	28.80	26.48	31.20	24.14	28.33	26.27	31.19	24.24	86.65	30.45	87.01	87.94	87.53	88.02	34.28	26.79	87.13	34.23	41.03	86.77	87.06	35.50	47.04	87.30	87.10	40.10	43.71	86.79	86.29	63.59	86.74	86.80	86.70	60.95	86.63	0	0	0	0	0	0	0	0	
74.36	86.70	66.31	87.03	76.68	77.96	64.42	87.06	71.60	74.73	62.29	65.05	86.43	76.58	60.69	62.73	29.67	68.68	60.17	61.10	29.55	70.72	20.81	43.87	27.01	69.55	17.96	47.97	27.06	28.59	20.53	19.18	28.57	27.97	19.47	17.80	25.29	28.33	19.55	18.11	24.66	27.47	16.77	18.37	26.32	29.71	20.79	17.25	23.87	58.28	20.60	18.11	24.09	25.55	21.53	16.84	23.71	24.73	21.89	17.96	23.88	33.20	20.45	21.48	23.51	25.29	24.00	23.47	24.24	26.25	24.16	20.55	25.22	25.14	98.99	23.88	26.01	27.15	42.47	24.90	47.70	26.27	86.67	28.71	34.83	29.40	86.75	42.59	35.65	87.51	86.67	44.93	86.79	52.53	86.68	87.51	86.77	49.60	86.27	86.25	86.82	53.56	86.27	86.60	
86.82	86.27	86.67	81.92	86.79	87.53	86.27	72.87	87.20	87.06	86.27	73.59	86.79	86.63	86.68	38.83	62.27	87.04	86.70	38.49	62.44	87.77	68.57	35.19	86.77	26.82	71.46	29.26	56.87	20.41	86.24	30.98	21.07	21.89	87.08	28.71	21.01	20.88	62.20	25.88	19.43	42.66	32.22	25.36	20.38	13.47	26.32	25.93	21.55	26.17	25.24	28.80	15.17	13.26	24.11	17.35	17.68	14.91	24.36	15.88	14.43	15.69	106.91	16.80	120.00	18.76	16.36	24.19	24.02	21.74	15.96	24.74	19.86	20.52	16.82	26.03	18.92	21.68	18.49	25.93	19.35	24.79	25.26	27.65	20.48	25.81	25.81	32.59	23.30	53.30	27.22	47.11	27.11	90.81	69.24	34.59	46.34	43.28	30.19	56.87	40.50	45.69	86.24	86.56	86.79	87.06	86.63	59.54	86.79	87.49	57.15	86.62	
86.70	86.55	67.54	84.54	86.68	86.96	62.90	86.92	69.71	85.74	74.62	64.76	86.68	86.13	60.81	86.92	86.68	70.36	61.48	63.75	86.68	87.01	60.79	86.51	28.51	33.01	29.78	57.20	24.40	30.29	21.07	26.68	29.09	29.19	24.11	87.71	24.93	27.66	22.65	25.57	120.00	21.89	120.00	25.00	3.97	24.52	46.44	24.40	87.25	24.78	86.63	26.22	30.22	25.86	86.58	27.23	32.58	31.49	86.63	29.26	87.61	32.27	86.63	86.96	0	0	0	0	0	0	0	0	0	0	0	0	0	0	0	0	0	0	0	0	0	0	0	0	0	0	0	0	0	0	0	0	0	0	0	0	
87.27	61.12	76.25	70.48	86.86	57.87	72.84	69.30	60.57	58.02	69.16	69.28	86.89	60.48	67.15	32.96	56.62	22.66	68.80	29.42	24.76	20.62	86.39	25.15	86.84	23.44	32.30	29.81	20.55	23.14	25.50	22.51	19.09	16.29	31.79	21.72	20.12	16.49	31.63	23.33	19.93	20.46	26.94	22.77	15.43	17.42	23.49	22.87	14.18	21.03	19.31	22.51	16.37	20.36	21.99	25.98	19.30	21.80	21.07	22.97	20.33	25.96	30.70	24.95	22.41	29.50	22.82	88.78	23.35	31.51	26.01	30.93	89.95	87.53	26.58	58.01	0	0	0	0	0	0	0	0	0	0	0	0	0	0	0	0	0	0	0	0	0	0	0	0	
79.48	84.90	86.36	86.65	77.20	80.43	86.75	87.10	73.01	77.49	86.37	86.67	71.25	87.56	86.75	86.65	69.79	72.87	56.82	59.83	68.38	71.84	22.61	62.20	67.13	71.29	22.29	23.18	36.91	77.13	21.22	87.01	29.93	38.85	21.79	21.08	53.69	70.52	42.37	19.88	25.34	36.70	20.24	20.45	24.04	27.92	16.67	13.78	24.60	28.28	16.20	13.44	26.68	34.24	35.46	16.08	26.19	27.92	18.16	14.71	28.32	28.08	16.84	16.03	26.37	28.08	18.44	16.89	27.06	29.60	21.15	15.98	29.30	28.42	22.82	16.79	33.26	29.09	120.00	120.00	87.63	120.00	86.65	21.51	0	0	0	0	0	0	0	0	0	0	0	0	0	0	0	0	
86.86	86.39	86.32	77.32	87.22	69.18	76.82	72.39	86.84	87.56	86.75	70.95	87.25	86.29	86.70	67.70	86.80	86.31	72.51	33.26	62.80	55.98	68.54	33.37	56.72	24.00	36.89	22.63	56.82	22.06	86.31	22.06	53.80	25.86	33.56	20.70	20.65	19.90	31.75	19.69	120.00	16.51	22.97	21.15	18.78	16.96	35.00	28.40	15.86	15.38	21.17	24.86	47.23	19.85	20.03	29.91	18.40	21.39	21.01	23.13	15.48	21.17	24.36	26.58	18.30	19.23	26.24	25.10	18.04	22.20	23.57	32.04	20.27	23.08	24.31	26.87	18.45	22.25	27.46	94.50	18.87	23.33	26.84	88.73	19.71	86.22	29.26	86.99	23.04	86.65	29.57	55.02	86.84	85.81	37.42	48.23	0	0	0	0	
73.57	86.24	86.31	86.56	67.66	73.64	58.28	86.62	67.41	74.73	86.72	86.98	38.21	71.74	30.70	54.36	35.62	87.06	25.50	56.96	33.83	67.39	25.45	57.16	32.59	37.42	26.89	57.77	31.91	36.03	25.60	57.56	34.47	34.02	27.46	27.13	27.73	34.35	106.77	24.95	28.63	33.42	25.19	24.90	25.19	28.08	22.10	25.55	22.16	26.67	20.29	17.94	22.63	26.31	23.37	18.01	20.58	23.64	21.92	19.23	20.29	25.27	21.43	21.00	20.96	20.81	44.38	22.15	120.00	20.46	23.64	21.80	24.81	64.78	24.26	22.32	25.07	120.00	87.53	22.47	28.40	28.32	86.65	25.05	86.74	28.63	86.24	87.92	86.74	29.55	86.24	87.46	0	0	0	0	0	0	0	0	
86.79	87.94	86.70	77.78	87.25	87.51	86.34	79.05	86.51	87.51	85.93	70.22	86.79	86.63	73.28	38.93	86.41	59.67	69.54	32.46	59.79	20.36	68.13	30.69	22.63	20.05	86.31	29.00	19.02	19.48	67.30	29.91	18.87	14.09	33.20	29.97	17.32	13.68	30.93	15.98	13.35	14.97	30.52	18.57	14.60	15.48	16.48	16.65	13.45	16.65	15.17	19.54	15.89	17.99	15.43	25.10	16.05	120.00	20.03	27.75	18.66	120.00	31.17	27.41	120.00	86.24	86.70	86.68	4.79	86.70	86.27	87.06	0	0	0	0	0	0	0	0	0	0	0	0	0	0	0	0	0	0	0	0	0	0	0	0	0	0	0	0	
71.05	87.87	72.41	85.33	65.89	87.46	86.62	86.55	62.08	87.01	86.22	66.48	60.52	63.88	64.97	67.29	61.51	64.66	86.67	65.36	62.29	61.00	75.81	64.55	28.57	59.67	87.56	31.34	24.24	64.09	31.03	33.63	25.55	30.95	27.61	27.99	19.04	29.86	29.98	26.77	17.61	26.89	22.77	26.74	16.74	21.63	24.83	25.70	17.41	22.01	21.07	25.62	21.89	23.25	23.18	28.45	18.40	30.64	21.48	23.44	17.78	17.42	21.32	19.23	18.71	23.08	120.00	18.42	18.63	18.76	23.23	21.05	20.22	22.71	22.92	22.77	25.09	20.36	23.26	22.32	23.99	22.46	25.09	25.52	120.00	22.53	26.01	22.71	120.00	120.00	86.22	86.55	0	0	0	0	0	0	0	0	
86.80	86.41	86.31	73.16	87.22	86.70	86.72	72.97	86.74	66.72	86.68	71.24	86.79	63.06	86.27	67.49	86.79	87.94	86.29	64.45	64.95	86.67	86.29	33.32	61.41	27.15	66.15	30.72	86.79	25.91	86.29	30.17	58.59	25.91	33.92	30.29	60.00	23.90	37.87	21.41	25.50	23.18	32.89	22.82	25.34	26.92	31.12	23.33	51.62	28.52	29.62	20.09	23.88	23.90	22.66	20.19	24.55	23.54	21.46	20.74	23.93	24.16	29.16	20.09	25.09	23.97	27.46	19.23	21.12	20.88	18.47	18.81	19.76	24.67	17.80	20.74	24.78	23.33	18.49	22.16	19.60	21.22	17.77	20.64	17.25	23.02	15.48	20.58	18.14	22.06	20.14	20.40	21.53	23.08	16.31	21.80	21.99	120.00	87.61	86.56	87.59	87.06	26.17	56.37	
86.48	86.75	66.82	87.16	87.25	74.47	62.90	87.11	87.25	69.59	86.77	64.91	86.82	69.14	52.96	63.59	28.42	69.83	33.69	50.67	29.60	31.10	58.73	51.77	27.73	30.22	24.98	29.36	14.09	31.15	25.60	28.14	10.95	30.07	20.12	30.57	11.43	13.93	19.62	24.81	18.35	12.54	18.47	19.83	16.79	14.45	20.45	22.84	17.56	17.37	22.87	22.22	18.51	17.51	26.03	23.93	20.38	17.94	120.00	86.62	86.80	87.54	7.23	74.90	0	0	0	0	0	0	0	0	0	0	0	0	0	0	0	0	0	0	0	0	0	0	0	0	0	0	0	0	0	0	0	0	0	0	0	0	
87.27	87.15	86.74	32.10	87.29	120.00	86.74	25.50	88.61	29.91	87.27	120.00	88.85	28.68	120.00	120.00	120.00	29.09	20.43	19.73	27.94	28.78	120.00	19.11	28.45	38.51	120.00	17.85	29.55	30.02	120.00	18.40	30.50	28.63	19.31	20.19	27.94	30.02	20.65	19.07	32.37	28.49	17.80	20.60	25.02	41.37	17.51	21.91	28.04	63.93	25.76	27.18	40.88	46.51	88.85	30.22	62.18	88.35	27.56	56.19	40.60	65.17	27.94	58.45	44.71	85.88	86.29	86.65	66.82	71.68	58.21	87.01	86.82	76.89	86.31	86.60	71.58	86.29	86.70	86.24	0	0	0	0	0	0	0	0	0	0	0	0	0	0	0	0	0	0	0	0	
72.20	86.75	86.75	86.70	71.46	86.34	86.37	86.70	65.05	86.01	86.37	86.70	63.35	87.16	86.39	70.41	59.28	86.75	40.19	48.76	59.98	86.32	38.92	47.87	52.34	59.52	86.79	45.64	53.52	86.75	41.60	43.81	47.59	87.63	40.88	45.09	22.22	47.23	43.42	41.08	21.22	86.80	47.80	46.20	17.66	49.04	44.18	86.31	13.04	42.92	38.66	46.56	12.15	18.51	39.12	41.08	7.82	18.92	36.75	93.37	8.56	15.93	37.58	41.87	5.12	11.00	47.39	38.25	8.92	7.41	42.73	40.31	8.81	12.90	36.80	37.63	7.30	6.58	39.54	35.55	5.95	9.36	36.68	35.89	6.25	8.59	120.00	35.55	6.00	7.92	120.00	37.78	6.84	6.58	120.00	37.44	12.04	7.41	89.47	119.76	89.02	10.27	42.53	88.73	86.84	16.49	86.34	88.38	
86.86	87.63	86.39	66.12	86.91	87.63	86.37	63.59	86.86	63.32	63.83	63.26	87.30	32.01	61.75	61.19	86.89	31.98	61.15	20.79	29.14	27.20	86.37	20.09	32.16	24.11	33.33	17.15	29.60	22.61	21.20	16.29	22.37	22.27	17.96	22.16	26.68	22.04	17.13	19.21	20.91	28.26	15.84	19.18	20.17	24.36	16.77	19.42	20.07	23.59	19.31	18.87	21.48	44.09	18.99	22.22	24.23	28.13	19.24	22.87	21.94	23.85	20.43	25.29	21.84	26.37	52.16	91.41	24.07	30.33	22.77	27.96	25.55	33.45	24.05	87.37	89.86	87.53	25.86	58.37	0	0	0	0	0	0	0	0	0	0	0	0	0	0	0	0	0	0	0	0	
73.30	87.18	86.41	86.74	68.83	73.87	60.86	87.13	70.58	78.20	60.46	62.87	65.12	87.63	58.16	86.70	66.87	70.05	57.65	86.72	41.03	86.82	86.75	58.33	28.16	56.13	23.33	58.76	25.70	61.98	22.35	25.00	25.17	30.53	23.52	23.08	31.55	28.80	16.82	26.36	24.76	32.49	16.10	21.46	27.15	26.17	19.24	15.62	21.43	30.38	18.73	16.79	24.55	29.30	18.02	16.08	23.56	20.46	40.93	15.53	23.99	24.88	18.73	17.08	23.93	24.42	18.99	19.11	120.00	27.15	21.27	18.71	120.00	29.48	93.92	18.97	29.76	96.77	86.80	120.00	86.84	91.41	86.74	25.40	0	0	0	0	0	0	0	0	0	0	0	0	0	0	0	0	
86.91	65.43	86.39	87.11	69.76	64.50	86.39	65.26	66.10	86.77	67.89	63.57	66.53	65.17	86.39	62.01	86.91	32.13	64.42	27.78	68.02	28.06	62.10	18.01	29.73	28.32	65.09	14.66	86.86	23.64	25.76	13.69	23.42	18.76	21.74	10.19	22.63	17.53	20.19	8.83	21.96	17.42	11.36	8.83	24.81	15.58	10.12	11.67	13.09	16.03	7.54	13.45	13.35	17.22	9.55	16.48	14.24	26.05	14.88	16.34	14.09	120.00	86.75	86.67	86.89	59.88	86.79	87.11	0	0	0	0	0	0	0	0	0	0	0	0	0	0	0	0	0	0	0	0	0	0	0	0	0	0	0	0	0	0	0	0	
76.68	87.16	86.79	86.80	75.05	87.20	68.95	84.93	87.32	75.34	86.39	86.70	86.89	87.16	65.14	85.84	86.91	86.75	86.41	72.73	87.30	86.36	66.07	87.53	86.91	85.95	63.16	87.13	62.20	66.31	86.41	67.82	61.43	86.77	86.41	87.13	60.95	67.73	86.43	64.97	54.74	87.22	86.39	64.45	61.22	63.33	29.93	39.11	29.02	57.77	28.44	54.71	27.16	63.78	28.59	55.93	26.48	60.96	27.20	57.56	26.53	59.45	27.35	59.59	27.53	62.44	28.13	34.23	29.60	34.59	31.58	35.50	28.71	59.76	24.93	30.46	27.32	29.60	22.15	27.73	19.76	26.63	29.11	28.40	17.99	26.51	21.17	27.89	17.20	52.32	22.82	26.84	16.07	30.22	19.88	21.62	16.63	21.37	19.35	23.32	19.07	18.14	20.55	20.89	18.87	17.68	22.35	20.09	22.63	16.67	24.26	20.65	18.20	17.63	22.51	19.67	18.56	27.65	22.71	20.60	22.47	18.92	120.00	23.44	19.66	22.77	120.00	21.31	23.73	19.98	120.00	22.32	22.84	120.00	120.00	120.00	87.29	89.35	86.77	29.76	
86.91	87.66	86.80	70.02	86.89	87.20	86.80	69.74	86.92	86.80	86.39	67.89	86.89	61.49	86.44	68.40	87.32	62.06	71.53	67.78	87.32	87.63	71.37	86.31	61.91	63.25	69.73	87.11	87.30	22.73	71.48	87.56	65.14	20.38	68.49	31.67	86.58	20.12	68.38	27.35	86.91	20.17	86.41	32.73	21.55	19.19	35.53	25.69	18.11	16.20	29.76	21.36	16.84	18.16	88.57	26.08	16.58	13.23	26.92	24.26	15.55	120.00	17.66	25.82	17.11	17.23	17.46	22.84	16.49	19.33	18.23	23.25	15.86	20.26	20.10	23.25	17.53	20.43	22.11	23.75	20.86	22.22	21.24	23.90	20.55	120.00	21.86	114.97	23.16	93.11	21.84	26.80	120.00	87.59	86.39	87.10	3.97	85.48	86.36	87.06	
81.03	88.09	86.41	86.70	79.23	87.22	86.51	86.72	77.13	83.81	46.84	40.55	51.12	87.63	46.84	40.55	48.45	79.59	17.99	50.65	49.02	77.80	14.62	46.98	42.66	49.83	19.16	45.77	39.33	49.78	13.33	46.32	38.64	47.06	8.83	45.70	39.74	42.89	7.65	15.53	45.27	43.51	7.65	16.44	44.23	47.73	10.09	13.09	42.25	47.99	8.47	9.71	42.25	46.70	8.88	8.88	39.12	45.67	9.26	13.56	40.02	44.18	8.44	10.52	41.07	40.22	8.32	9.81	33.64	43.30	7.80	8.78	31.82	40.38	5.95	9.74	32.30	34.93	7.23	9.95	33.49	32.97	8.26	9.09	37.99	33.08	9.78	7.32	35.52	34.97	12.97	9.19	42.41	39.24	11.37	8.28	36.92	38.93	12.96	8.99	36.41	35.89	120.00	10.41	42.04	38.52	120.00	120.00	86.82	88.40	86.74	5.03	
86.91	86.80	81.82	86.74	87.32	86.91	82.99	78.80	86.89	48.08	85.96	51.20	86.60	85.98	77.61	48.45	86.89	46.29	86.80	44.79	86.91	16.41	52.47	40.53	45.33	15.84	47.04	39.38	18.93	18.61	72.08	42.06	17.22	10.29	38.68	35.07	120.00	13.23	39.81	32.73	19.04	11.99	42.92	31.82	11.94	12.34	35.36	31.65	9.76	11.32	32.39	31.82	10.50	10.24	33.47	32.78	12.37	10.81	31.62	34.71	11.48	10.45	31.24	32.99	13.25	11.77	31.19	34.71	13.73	11.79	31.36	33.44	10.86	11.99	31.15	33.59	9.28	12.41	34.66	44.09	10.70	120.00	86.74	86.63	86.80	86.29	41.94	44.91	0	0	0	0	0	0	0	0	0	0	0	0	
58.32	63.71	69.50	87.10	66.24	60.89	86.74	70.77	54.81	56.48	33.20	49.11	23.52	57.03	32.53	35.93	22.68	56.46	36.36	36.63	24.24	56.20	114.33	34.19	16.01	87.15	25.52	31.51	15.60	25.00	26.70	28.57	15.02	17.34	27.42	25.82	15.65	16.10	26.80	25.53	17.96	14.76	24.95	26.08	17.84	11.63	25.21	26.24	16.27	12.44	27.37	51.03	16.13	17.08	120.00	27.23	18.45	16.67	29.33	28.52	18.93	18.11	120.00	28.47	23.47	19.91	86.72	32.47	0	0	0	0	0	0	0	0	0	0	0	0	0	0	0	0	0	0	0	0	0	0	0	0	0	0	0	0	0	0	0	0	
86.48	87.61	86.77	73.32	86.86	88.02	86.39	69.86	86.84	86.74	86.41	68.61	87.27	87.16	86.39	68.28	66.79	86.75	71.72	68.04	68.33	61.15	71.37	86.70	63.32	61.36	86.80	87.11	62.75	59.40	86.39	31.77	53.57	27.56	86.79	28.92	52.41	25.93	66.03	28.20	86.51	23.20	31.98	25.07	56.63	22.63	33.52	29.98	57.58	18.40	31.34	20.70	22.63	19.02	22.99	19.33	20.76	16.56	23.18	20.15	20.55	15.64	22.47	24.81	16.12	15.95	21.48	26.24	15.96	18.21	22.30	22.32	15.55	19.69	22.06	22.16	16.07	120.00	86.77	86.67	86.84	84.54	29.91	54.33	0	0	0	0	0	0	0	0	0	0	0	0	0	0	0	0	
86.94	76.92	86.84	86.74	86.94	76.05	66.91	87.10	63.99	88.06	86.84	68.18	60.60	54.09	86.84	68.64	58.47	62.35	86.44	69.71	56.99	86.79	32.53	51.49	27.06	59.07	29.95	52.49	24.35	58.71	30.10	34.28	27.01	86.48	23.40	34.64	12.66	58.42	22.10	29.12	12.15	89.35	20.91	32.87	16.29	18.76	21.63	24.36	19.55	17.27	22.15	23.59	17.94	21.39	24.81	28.81	17.94	29.31	25.05	24.97	17.16	20.05	27.16	24.45	120.00	86.74	86.49	86.70	4.38	83.71	86.39	87.11	0	0	0	0	0	0	0	0	0	0	0	0	0	0	0	0	0	0	0	0	0	0	0	0	0	0	0	0	
86.92	86.87	86.43	66.20	87.32	64.02	86.46	64.95	87.32	87.70	86.87	57.71	86.55	57.42	69.38	29.52	83.37	29.21	59.12	35.10	86.92	89.35	62.73	24.81	86.92	19.90	63.97	30.48	86.98	17.59	88.18	30.69	27.16	19.18	89.54	27.85	24.50	20.00	36.39	29.26	17.22	18.56	29.93	24.59	16.68	19.79	31.37	23.02	20.91	19.18	32.20	26.48	20.40	17.73	24.57	22.37	17.84	18.01	27.15	20.19	19.60	20.15	32.99	21.92	16.80	18.30	120.00	86.67	86.48	88.02	7.13	75.95	0	0	0	0	0	0	0	0	0	0	0	0	0	0	0	0	0	0	0	0	0	0	0	0	0	0	0	0	
86.96	87.70	66.91	85.33	68.71	73.71	63.42	86.74	65.10	72.87	86.43	86.75	86.96	69.40	32.78	50.21	67.92	69.14	28.09	54.86	60.14	70.15	25.60	57.15	39.88	45.34	23.75	54.16	65.74	44.88	21.99	24.30	40.76	42.78	22.51	23.63	34.05	57.53	17.51	27.23	35.76	38.04	17.30	20.64	32.80	37.32	14.26	17.90	34.50	35.88	15.70	15.98	33.14	32.08	15.53	14.24	28.57	31.98	16.05	16.53	28.11	34.24	16.36	16.48	28.16	29.76	34.90	16.19	28.11	28.18	120.00	15.93	30.09	28.38	120.00	19.33	29.04	29.78	23.18	21.10	31.08	31.37	120.00	19.57	89.74	30.60	87.71	19.98	89.54	120.00	86.79	21.65	87.29	89.21	86.79	25.00	0	0	0	0	
87.32	87.22	85.98	81.32	86.89	87.22	85.62	68.28	86.91	53.59	80.45	87.15	86.89	50.45	80.40	45.26	87.32	52.35	50.65	37.65	51.37	49.05	45.65	44.24	51.27	15.79	43.69	41.25	45.89	15.79	45.00	37.75	47.25	15.58	42.82	37.23	16.80	15.89	39.00	37.70	14.78	14.73	38.63	38.51	15.50	13.54	38.16	35.70	14.07	11.17	36.13	35.05	12.27	10.76	35.43	34.04	12.84	10.74	34.86	33.59	10.22	10.76	44.52	50.46	12.78	11.22	34.85	34.90	10.33	12.20	37.03	34.90	9.45	12.15	35.53	34.69	9.86	12.10	51.44	36.27	10.22	13.21	120.00	92.42	11.58	17.54	36.46	37.89	17.63	87.15	88.83	42.11	15.02	87.20	37.49	87.11	86.89	87.58	39.45	45.55	
76.05	87.63	86.39	67.06	73.78	83.35	86.80	67.42	71.19	75.33	86.43	87.15	73.54	78.01	86.80	63.69	69.05	73.23	86.44	87.16	67.90	87.22	54.28	66.20	38.66	71.12	22.68	60.12	37.49	86.80	20.29	54.69	36.05	41.87	21.48	45.34	36.46	70.55	19.47	21.31	35.05	87.63	16.84	20.91	32.70	48.23	16.01	20.74	31.91	44.18	15.29	17.35	32.29	33.06	15.03	15.17	31.46	33.42	14.36	14.66	31.60	30.70	15.34	15.12	29.83	32.44	16.22	14.52	30.41	32.35	16.32	14.16	31.36	32.20	120.00	14.21	46.22	33.80	19.79	15.02	33.69	35.65	20.40	16.29	34.91	40.62	88.20	17.25	37.41	34.78	86.89	18.81	86.89	92.77	86.39	20.55	86.89	39.09	86.39	87.16	
86.94	86.37	86.43	73.45	86.91	86.79	86.44	69.97	87.32	86.80	86.46	71.03	87.32	87.20	86.44	68.35	86.96	86.39	73.18	67.58	87.35	57.65	69.04	38.11	87.35	86.39	67.46	34.78	78.76	28.81	66.77	33.04	56.72	26.70	66.92	32.44	57.54	26.70	35.48	31.67	28.68	24.69	34.35	37.75	27.08	25.29	34.30	33.71	26.44	22.42	33.93	33.44	28.42	22.37	62.66	28.73	22.94	20.72	34.40	27.59	21.44	22.16	32.29	26.99	21.70	20.57	31.77	25.82	20.29	20.52	27.53	27.15	19.30	21.24	27.68	26.19	19.98	19.90	27.16	27.04	19.98	20.82	27.25	27.10	19.35	22.16	27.27	25.82	19.55	22.11	26.91	120.00	18.14	20.88	27.63	52.20	18.73	42.42	26.39	35.41	19.30	24.38	25.31	107.13	20.24	29.05	26.29	105.36	120.00	86.75	86.36	86.72	4.28	82.44	86.77	86.72	
86.89	88.04	86.39	67.53	86.89	87.63	61.87	87.10	86.87	86.79	86.51	64.85	86.87	87.61	50.05	38.21	73.23	87.61	47.82	38.71	87.30	87.22	46.53	39.73	87.32	87.61	45.60	40.40	86.84	86.37	42.03	46.07	55.45	88.04	40.22	44.14	51.68	58.63	37.30	49.43	51.17	56.41	40.86	46.17	52.89	54.62	81.77	87.11	49.18	66.79	34.14	39.18	48.81	54.11	29.38	39.28	25.31	51.17	28.30	35.88	23.69	32.30	36.25	38.66	23.80	27.25	36.77	30.48	24.40	24.85	40.09	29.98	20.86	24.21	25.34	28.26	19.81	24.83	26.24	29.83	19.50	22.11	26.34	30.53	20.07	19.45	26.86	29.23	18.14	21.19	27.27	27.77	17.27	18.25	27.53	28.40	18.52	17.53	28.14	28.06	17.58	35.17	29.90	29.09	18.14	17.29	31.22	29.69	19.04	17.65	32.80	30.45	21.74	17.58	34.40	31.62	90.21	16.20	35.69	32.51	120.00	19.23	37.39	39.57	87.29	120.00	40.22	36.01	86.46	120.00	86.36	37.20	86.87	89.74	86.36	39.38	87.30	87.58	86.75	42.53	
86.87	86.75	86.39	49.00	87.29	88.04	86.41	45.31	87.29	87.20	86.39	44.95	87.75	47.20	86.39	42.82	87.30	46.27	47.78	39.57	86.89	46.39	47.37	38.01	86.89	45.62	45.86	38.11	87.30	44.59	48.66	39.18	87.30	44.54	46.48	36.94	46.36	43.76	46.48	35.76	46.25	45.60	45.60	36.17	45.17	45.57	44.67	36.43	44.69	45.77	43.57	44.19	44.85	45.77	42.51	43.09	45.57	47.63	42.20	41.87	46.77	48.09	41.22	41.91	46.77	47.32	41.01	26.34	47.66	22.32	33.16	23.97	47.82	21.80	30.10	23.35	46.77	24.38	31.41	22.53	48.35	22.99	32.44	21.22	23.01	23.90	24.83	19.74	21.32	23.75	23.61	18.06	22.58	27.87	21.99	17.77	23.73	28.95	21.32	17.15	25.29	27.35	19.48	17.46	24.05	27.11	19.21	17.15	22.94	27.97	18.33	18.32	28.01	26.91	17.66	18.47	31.75	120.00	18.08	20.15	26.98	33.64	18.85	23.33	26.55	86.74	20.26	23.90	29.05	87.56	21.58	86.63	30.67	46.79	89.91	86.70	88.14	87.58	24.43	58.76	
86.92	86.80	86.86	66.55	86.94	86.80	86.43	67.37	38.54	87.66	86.86	64.45	86.51	86.80	35.60	46.32	44.85	40.43	87.22	60.93	36.77	87.66	88.57	61.99	35.10	87.66	33.32	37.03	34.57	37.44	34.60	36.01	34.21	39.23	120.00	36.74	36.51	88.90	30.38	35.26	35.62	93.64	29.55	32.99	37.90	39.09	38.59	113.90	50.34	39.24	28.87	31.41	38.21	47.34	29.38	28.81	33.68	38.52	27.53	29.33	32.18	39.43	28.01	27.75	15.96	40.17	27.89	27.96	15.17	44.59	27.32	26.39	120.00	120.00	30.00	25.93	26.75	18.63	29.33	27.49	120.00	120.00	32.73	31.39	87.75	120.00	86.80	90.14	86.53	35.89	86.80	87.58	0	0	0	0	0	0	0	0	
86.92	87.66	86.44	80.40	86.53	88.09	86.82	76.10	86.92	86.43	86.03	72.25	86.94	60.43	86.44	72.04	86.94	87.68	86.39	69.50	86.94	88.09	86.44	37.13	86.51	55.48	39.55	36.82	86.92	24.85	38.06	33.33	26.86	22.27	35.48	30.84	26.43	23.85	35.89	28.57	24.73	25.05	33.35	29.26	22.58	20.10	31.55	33.93	22.22	20.36	30.27	29.33	23.04	19.04	29.33	27.75	20.19	17.49	28.71	28.71	18.04	17.90	28.40	26.27	18.04	17.80	29.43	28.25	17.78	18.06	28.61	26.19	18.32	19.33	27.58	24.60	16.74	17.85	26.53	25.26	17.06	18.68	28.35	25.41	17.04	19.28	25.57	29.47	16.84	20.57	34.66	120.00	17.63	24.69	26.86	90.19	19.09	25.62	120.00	36.27	20.96	86.75	87.29	86.70	86.87	86.34	37.03	46.51	86.89	86.75	35.53	48.97	86.87	86.75	37.92	47.42	
86.84	77.35	86.36	86.67	69.12	86.75	86.75	87.51	70.64	87.18	61.84	87.06	64.59	68.88	56.68	87.06	62.18	46.56	32.10	52.29	39.40	63.85	54.76	33.01	35.14	41.74	29.48	52.78	31.60	37.56	30.03	30.67	32.68	37.77	28.69	29.42	27.94	35.67	26.99	28.95	27.58	36.86	28.08	28.85	24.14	33.73	27.66	28.14	23.76	27.20	23.95	27.34	24.24	28.33	25.03	29.62	22.51	24.57	24.83	25.96	22.63	23.69	23.13	25.26	22.20	24.05	23.23	23.99	21.32	23.13	23.85	23.59	120.00	91.56	86.41	32.10	4.38	88.45	86.39	87.11	0	0	0	0	0	0	0	0	0	0	0	0	0	0	0	0	0	0	0	0	
87.35	62.18	86.91	67.11	86.99	86.86	86.91	66.27	86.98	88.14	86.86	63.18	60.96	66.96	64.73	32.80	87.41	60.00	86.44	30.74	61.84	88.14	86.44	26.94	61.31	88.09	60.53	21.36	60.15	29.26	86.86	27.59	86.56	120.00	26.79	24.85	88.18	26.27	25.70	16.29	26.94	22.94	26.17	14.76	27.99	23.69	26.68	16.03	18.20	23.92	23.59	17.61	19.60	25.34	15.12	18.26	48.47	23.75	16.84	16.37	22.53	23.23	15.96	15.93	23.66	26.12	16.94	16.68	22.27	27.61	17.61	16.34	22.58	25.70	17.44	16.32	23.35	29.19	16.01	120.00	25.27	87.20	17.25	88.37	25.74	87.16	90.67	86.65	44.93	86.34	86.39	87.15	0	0	0	0	0	0	0	0	
86.92	86.80	39.43	46.80	56.32	86.79	36.55	50.50	55.40	58.95	33.85	51.92	55.65	57.46	32.78	35.81	28.87	57.56	23.08	60.55	29.30	59.50	32.71	33.71	29.79	56.32	27.10	35.34	22.15	33.99	22.51	28.20	21.94	63.59	21.94	22.68	19.55	58.13	21.43	25.21	18.66	25.70	20.50	23.63	18.25	28.13	20.14	21.31	18.78	31.31	19.78	21.96	19.02	22.15	20.65	21.80	19.97	28.99	20.43	20.14	21.22	31.00	20.24	19.59	19.55	22.41	21.27	20.84	19.66	20.67	41.60	22.32	20.76	19.74	22.10	20.22	19.64	19.54	24.93	20.58	20.96	24.26	120.00	22.01	22.37	21.55	90.50	120.00	89.54	120.00	87.22	25.55	0	0	0	0	0	0	0	0	
86.92	86.80	86.55	32.75	87.34	57.56	86.96	25.70	86.44	63.83	86.84	25.86	86.51	87.65	86.55	32.77	87.34	64.60	36.39	33.73	55.55	53.20	86.43	21.65	53.57	51.60	36.17	37.73	52.90	32.54	23.54	22.11	52.84	34.59	21.74	21.96	50.03	50.41	42.53	23.16	48.16	38.04	21.22	17.59	48.16	26.58	24.93	28.11	26.79	22.99	21.07	29.02	25.81	25.70	18.49	16.00	22.73	18.25	30.45	14.66	21.74	16.46	18.44	18.56	19.86	41.63	21.68	18.45	14.91	17.11	17.70	19.57	17.46	20.88	20.03	21.51	15.86	100.89	21.58	93.63	28.14	28.08	26.99	87.84	23.09	27.15	89.35	86.65	27.25	87.18	88.09	86.72	0	0	0	0	0	0	0	0	
65.36	87.13	60.84	86.65	86.84	86.82	37.22	48.88	64.93	65.48	33.97	49.64	86.46	34.90	34.02	39.05	24.97	30.43	34.31	49.07	16.94	86.74	24.47	37.22	23.76	27.54	22.92	23.78	17.35	13.57	120.00	24.64	18.56	18.81	21.27	31.84	18.14	19.59	100.31	21.08	19.81	18.76	21.79	21.96	21.53	18.71	120.00	24.93	23.09	20.41	87.15	25.10	87.23	38.02	86.34	29.71	35.45	89.69	86.70	86.65	34.86	33.87	86.34	86.63	0	0	0	0	0	0	0	0	0	0	0	0	0	0	0	0	0	0	0	0	0	0	0	0	0	0	0	0	0	0	0	0	0	0	0	0	
86.94	87.63	86.79	37.73	86.48	86.75	86.79	35.03	86.87	58.87	85.98	87.11	58.42	58.80	86.92	34.38	80.62	58.64	86.39	33.47	86.94	54.79	37.06	33.06	56.29	54.83	35.60	87.53	54.52	52.13	36.49	33.47	53.68	52.73	86.79	34.79	51.55	54.48	35.24	18.01	51.32	51.13	86.80	18.40	50.50	58.59	36.12	24.85	54.76	25.03	34.88	23.57	48.99	23.69	24.47	22.16	52.11	22.75	19.78	23.23	50.50	20.41	20.12	21.36	23.71	21.75	23.75	21.10	52.23	24.83	24.78	24.69	20.43	21.49	40.88	120.00	17.99	19.95	29.12	21.67	21.07	20.36	20.91	115.48	25.02	22.99	120.00	93.30	19.19	27.39	19.83	90.12	120.00	29.40	114.97	23.85	23.04	32.03	23.13	66.37	26.94	45.64	24.98	27.34	29.23	86.70	23.08	62.53	88.56	87.58	24.33	60.60	30.43	55.46	86.75	86.68	33.73	87.59	86.44	87.51	
87.25	85.86	62.35	86.67	61.62	85.88	86.32	87.04	59.71	86.68	86.75	87.01	58.73	68.14	35.57	46.55	55.03	58.49	34.67	38.95	26.68	54.57	81.79	36.41	25.95	53.76	35.36	35.70	24.86	31.55	22.10	25.76	24.45	26.56	22.77	24.50	23.87	25.96	21.74	23.18	22.61	28.52	23.02	21.13	23.35	24.62	24.05	20.27	19.97	25.40	26.53	20.19	18.56	22.51	22.25	19.36	17.94	23.85	22.03	19.78	18.76	21.84	24.00	21.86	19.23	15.48	26.68	22.87	19.43	18.61	24.31	21.86	20.53	21.32	28.38	22.15	120.00	87.08	86.67	87.42	4.79	87.06	86.67	87.03	0	0	0	0	0	0	0	0	0	0	0	0	0	0	0	0	
86.82	92.20	86.31	89.98	86.86	120.00	87.23	108.37	89.21	120.00	106.22	15.82	120.00	31.00	18.32	16.01	29.12	28.78	120.00	29.21	34.98	39.11	7.23	30.52	35.58	39.07	26.68	55.27	34.86	70.91	51.98	35.55	86.75	71.70	86.39	86.60	42.84	85.81	45.43	42.20	43.97	86.63	86.63	86.99	86.77	86.65	86.65	70.24	0	0	0	0	0	0	0	0	0	0	0	0	0	0	0	0	0	0	0	0	0	0	0	0	0	0	0	0	0	0	0	0	0	0	0	0	0	0	0	0	0	0	0	0	0	0	0	0	0	0	0	0	
80.40	87.06	86.65	86.96	75.98	81.49	86.24	87.01	73.68	76.56	87.10	86.60	52.77	76.92	86.27	86.96	73.09	86.24	43.18	43.51	51.17	54.42	86.29	87.41	45.76	56.39	17.87	44.43	48.99	51.56	10.07	76.05	44.23	49.74	7.23	20.29	41.80	46.84	8.21	11.36	40.69	46.17	9.30	9.05	39.12	45.81	10.38	8.18	39.30	41.99	6.82	7.15	37.01	39.85	6.51	10.65	36.43	38.45	5.64	8.57	36.22	39.64	7.42	7.56	36.22	34.69	7.80	7.25	36.37	38.51	120.00	10.81	120.00	87.01	86.24	86.53	3.97	82.94	86.63	86.55	0	0	0	0	0	0	0	0	0	0	0	0	0	0	0	0	0	0	0	0	
87.11	87.87	86.34	51.62	87.11	86.19	86.24	48.23	87.15	86.60	86.62	47.13	87.16	42.59	50.77	46.96	86.74	42.20	48.87	44.05	43.44	43.02	86.19	44.57	43.87	42.61	86.60	39.76	86.70	21.22	44.02	36.41	87.49	14.86	42.47	38.11	18.81	10.45	42.89	38.99	91.34	14.66	40.41	41.99	15.53	9.04	36.13	32.59	16.99	6.89	35.72	29.97	5.26	7.77	36.39	30.64	3.97	6.99	31.07	32.41	5.64	8.38	30.60	32.82	6.51	7.92	33.30	34.07	6.31	8.64	33.80	34.07	6.89	10.70	34.12	35.86	6.84	97.29	34.64	40.64	10.69	88.14	35.82	50.36	120.00	87.37	39.28	87.37	0	0	0	0	0	0	0	0	0	0	0	0	
71.53	86.99	86.74	86.53	86.74	73.75	29.11	34.23	50.48	53.45	114.98	88.16	28.75	54.31	24.42	26.12	26.31	53.45	18.11	25.12	25.95	29.81	16.67	24.40	22.99	27.87	26.01	24.55	32.68	25.76	26.17	23.88	22.77	23.90	17.71	102.46	22.25	21.32	88.78	17.85	90.76	23.01	106.94	19.73	120.00	120.00	86.60	23.13	41.00	91.12	86.19	87.46	86.68	40.65	86.60	86.51	86.70	43.73	86.60	86.51	0	0	0	0	0	0	0	0	0	0	0	0	0	0	0	0	0	0	0	0	0	0	0	0	0	0	0	0	0	0	0	0	0	0	0	0	0	0	0	0	
