86.99	120.00	86.49	19.55	87.01	21.29	88.21	19.35	88.30	120.00	20.21	18.95	120.00	120.00	19.33	17.11	21.05	26.84	120.00	24.28	116.75	87.20	7.13	86.29	115.96	87.70	19.78	46.44	38.01	86.41	87.66	86.75	0	0	0	0	0	0	0	0	0	0	0	0	0	0	0	0	0	0	0	0	0	0	0	0	0	0	0	0	0	0	0	0	0	0	0	0	0	0	0	0	0	0	0	0	0	0	0	0	0	0	0	0	0	0	0	0	0	0	0	0	0	0	0	0	0	0	0	0	
86.94	86.41	30.12	53.25	86.92	87.70	27.65	55.64	87.34	87.29	27.03	56.65	86.92	87.30	26.91	55.46	88.18	86.01	28.21	58.54	117.68	86.87	25.38	40.07	120.00	86.41	24.91	87.53	12.11	89.35	24.33	26.03	12.42	86.84	25.22	24.28	120.00	20.36	120.00	120.00	3.99	85.10	8.06	54.73	0	0	0	0	0	0	0	0	0	0	0	0	0	0	0	0	0	0	0	0	0	0	0	0	0	0	0	0	0	0	0	0	0	0	0	0	0	0	0	0	0	0	0	0	0	0	0	0	0	0	0	0	0	0	0	0	
86.67	92.51	87.01	89.90	87.03	15.74	86.44	24.78	86.55	14.97	86.92	23.66	87.35	19.54	87.73	23.01	18.90	120.00	23.57	120.00	19.54	120.00	120.00	87.20	86.92	85.19	8.06	74.47	0	0	0	0	0	0	0	0	0	0	0	0	0	0	0	0	0	0	0	0	0	0	0	0	0	0	0	0	0	0	0	0	0	0	0	0	0	0	0	0	0	0	0	0	0	0	0	0	0	0	0	0	0	0	0	0	0	0	0	0	0	0	0	0	0	0	0	0	0	0	0	0	
86.55	86.43	17.22	65.31	87.37	86.48	15.03	52.16	88.73	88.21	120.00	19.66	120.00	18.30	7.96	17.06	22.39	17.49	25.69	17.11	120.00	16.72	29.21	120.00	86.55	120.00	86.86	86.25	0	0	0	0	0	0	0	0	0	0	0	0	0	0	0	0	0	0	0	0	0	0	0	0	0	0	0	0	0	0	0	0	0	0	0	0	0	0	0	0	0	0	0	0	0	0	0	0	0	0	0	0	0	0	0	0	0	0	0	0	0	0	0	0	0	0	0	0	0	0	0	0	
86.63	91.36	86.55	17.16	86.99	120.00	18.45	23.21	120.00	14.86	120.00	86.74	120.00	86.86	8.08	57.01	92.89	86.84	88.06	86.36	0	0	0	0	0	0	0	0	0	0	0	0	0	0	0	0	0	0	0	0	0	0	0	0	0	0	0	0	0	0	0	0	0	0	0	0	0	0	0	0	0	0	0	0	0	0	0	0	0	0	0	0	0	0	0	0	0	0	0	0	0	0	0	0	0	0	0	0	0	0	0	0	0	0	0	0	0	0	0	0	
116.77	87.34	91.53	88.04	120.00	88.59	24.24	89.00	16.55	91.51	120.00	17.29	27.73	120.00	7.96	21.29	28.08	120.00	120.00	87.23	87.03	88.18	8.06	74.19	0	0	0	0	0	0	0	0	0	0	0	0	0	0	0	0	0	0	0	0	0	0	0	0	0	0	0	0	0	0	0	0	0	0	0	0	0	0	0	0	0	0	0	0	0	0	0	0	0	0	0	0	0	0	0	0	0	0	0	0	0	0	0	0	0	0	0	0	0	0	0	0	0	0	0	0	
86.63	91.68	69.66	89.57	87.51	120.00	86.96	20.02	87.89	19.50	87.84	120.00	19.88	28.33	12.41	13.40	21.13	120.00	87.75	87.25	0	0	0	0	0	0	0	0	0	0	0	0	0	0	0	0	0	0	0	0	0	0	0	0	0	0	0	0	0	0	0	0	0	0	0	0	0	0	0	0	0	0	0	0	0	0	0	0	0	0	0	0	0	0	0	0	0	0	0	0	0	0	0	0	0	0	0	0	0	0	0	0	0	0	0	0	0	0	0	0	
119.02	86.99	14.47	86.84	120.00	86.53	16.24	88.95	23.64	86.53	14.69	16.87	24.43	27.04	120.00	15.50	40.40	120.00	7.96	13.32	42.22	120.00	86.92	120.00	87.03	86.51	86.56	68.51	0	0	0	0	0	0	0	0	0	0	0	0	0	0	0	0	0	0	0	0	0	0	0	0	0	0	0	0	0	0	0	0	0	0	0	0	0	0	0	0	0	0	0	0	0	0	0	0	0	0	0	0	0	0	0	0	0	0	0	0	0	0	0	0	0	0	0	0	0	0	0	0	
87.04	120.00	86.55	120.00	120.00	120.00	86.82	1.27	16.37	65.65	86.89	87.34	0	0	0	0	0	0	0	0	0	0	0	0	0	0	0	0	0	0	0	0	0	0	0	0	0	0	0	0	0	0	0	0	0	0	0	0	0	0	0	0	0	0	0	0	0	0	0	0	0	0	0	0	0	0	0	0	0	0	0	0	0	0	0	0	0	0	0	0	0	0	0	0	0	0	0	0	0	0	0	0	0	0	0	0	0	0	0	0	
66.05	88.18	86.51	87.29	61.56	86.89	86.51	87.29	86.98	86.87	30.69	53.52	86.56	87.75	28.32	55.53	86.56	87.75	28.01	54.48	120.00	87.29	120.00	88.45	120.00	120.00	120.00	21.58	3.97	18.73	120.00	87.65	86.96	86.43	8.08	58.20	0	0	0	0	0	0	0	0	0	0	0	0	0	0	0	0	0	0	0	0	0	0	0	0	0	0	0	0	0	0	0	0	0	0	0	0	0	0	0	0	0	0	0	0	0	0	0	0	0	0	0	0	0	0	0	0	0	0	0	0	0	0	0	0	
87.04	17.54	86.58	90.86	87.03	120.00	87.42	21.43	16.77	120.00	120.00	87.75	120.00	86.07	8.06	73.73	0	0	0	0	0	0	0	0	0	0	0	0	0	0	0	0	0	0	0	0	0	0	0	0	0	0	0	0	0	0	0	0	0	0	0	0	0	0	0	0	0	0	0	0	0	0	0	0	0	0	0	0	0	0	0	0	0	0	0	0	0	0	0	0	0	0	0	0	0	0	0	0	0	0	0	0	0	0	0	0	0	0	0	0	
88.33	86.53	27.75	37.63	119.43	86.53	21.60	87.22	19.47	89.04	19.74	90.33	16.03	20.36	19.90	94.24	15.62	21.65	17.61	120.00	17.29	120.00	120.00	86.86	86.98	85.24	8.08	55.96	0	0	0	0	0	0	0	0	0	0	0	0	0	0	0	0	0	0	0	0	0	0	0	0	0	0	0	0	0	0	0	0	0	0	0	0	0	0	0	0	0	0	0	0	0	0	0	0	0	0	0	0	0	0	0	0	0	0	0	0	0	0	0	0	0	0	0	0	0	0	0	0	
86.67	89.81	86.96	20.07	87.01	120.00	120.00	87.71	93.40	86.44	8.08	37.73	73.92	86.48	86.44	87.27	0	0	0	0	0	0	0	0	0	0	0	0	0	0	0	0	0	0	0	0	0	0	0	0	0	0	0	0	0	0	0	0	0	0	0	0	0	0	0	0	0	0	0	0	0	0	0	0	0	0	0	0	0	0	0	0	0	0	0	0	0	0	0	0	0	0	0	0	0	0	0	0	0	0	0	0	0	0	0	0	0	0	0	0	
86.65	86.94	23.51	58.80	87.08	87.82	22.32	60.88	90.10	87.41	22.58	87.82	120.00	86.98	20.10	86.87	117.29	88.18	20.57	88.56	120.00	120.00	88.25	120.00	3.87	22.42	87.77	120.00	86.58	111.82	86.55	31.92	87.01	120.00	86.53	87.22	0	0	0	0	0	0	0	0	0	0	0	0	0	0	0	0	0	0	0	0	0	0	0	0	0	0	0	0	0	0	0	0	0	0	0	0	0	0	0	0	0	0	0	0	0	0	0	0	0	0	0	0	0	0	0	0	0	0	0	0	0	0	0	0	
86.67	89.09	86.58	21.03	87.06	91.65	86.55	20.00	86.65	120.00	120.00	40.69	117.18	85.96	7.13	40.93	89.97	86.44	86.86	41.48	87.82	87.71	39.48	43.47	86.55	86.84	39.36	46.05	86.67	86.84	40.00	48.64	0	0	0	0	0	0	0	0	0	0	0	0	0	0	0	0	0	0	0	0	0	0	0	0	0	0	0	0	0	0	0	0	0	0	0	0	0	0	0	0	0	0	0	0	0	0	0	0	0	0	0	0	0	0	0	0	0	0	0	0	0	0	0	0	0	0	0	0	
45.95	87.75	89.79	86.82	90.52	86.53	120.00	9.50	28.57	30.79	8.06	120.00	91.31	120.00	86.92	87.71	0	0	0	0	0	0	0	0	0	0	0	0	0	0	0	0	0	0	0	0	0	0	0	0	0	0	0	0	0	0	0	0	0	0	0	0	0	0	0	0	0	0	0	0	0	0	0	0	0	0	0	0	0	0	0	0	0	0	0	0	0	0	0	0	0	0	0	0	0	0	0	0	0	0	0	0	0	0	0	0	0	0	0	0	
70.58	87.35	86.49	87.70	72.53	86.46	86.51	87.70	72.71	88.16	86.89	86.84	86.99	82.06	86.55	89.91	87.03	82.92	86.48	33.06	81.43	120.00	23.99	120.00	86.89	86.08	36.60	15.50	0	0	0	0	0	0	0	0	0	0	0	0	0	0	0	0	0	0	0	0	0	0	0	0	0	0	0	0	0	0	0	0	0	0	0	0	0	0	0	0	0	0	0	0	0	0	0	0	0	0	0	0	0	0	0	0	0	0	0	0	0	0	0	0	0	0	0	0	0	0	0	0	
90.89	86.53	24.71	62.68	118.99	86.53	25.27	40.21	120.00	10.81	120.00	89.50	3.99	91.10	7.23	75.81	0	0	0	0	0	0	0	0	0	0	0	0	0	0	0	0	0	0	0	0	0	0	0	0	0	0	0	0	0	0	0	0	0	0	0	0	0	0	0	0	0	0	0	0	0	0	0	0	0	0	0	0	0	0	0	0	0	0	0	0	0	0	0	0	0	0	0	0	0	0	0	0	0	0	0	0	0	0	0	0	0	0	0	0	
87.35	24.18	86.87	88.21	86.55	23.45	86.44	91.51	87.35	23.76	87.27	18.04	23.02	20.88	88.25	17.16	20.10	120.00	120.00	23.71	120.00	87.68	8.08	56.58	4.28	83.02	86.46	86.89	0	0	0	0	0	0	0	0	0	0	0	0	0	0	0	0	0	0	0	0	0	0	0	0	0	0	0	0	0	0	0	0	0	0	0	0	0	0	0	0	0	0	0	0	0	0	0	0	0	0	0	0	0	0	0	0	0	0	0	0	0	0	0	0	0	0	0	0	0	0	0	0	
90.52	86.48	120.00	86.82	21.46	87.71	33.90	26.00	120.00	8.44	120.00	88.11	3.87	88.54	7.96	74.88	0	0	0	0	0	0	0	0	0	0	0	0	0	0	0	0	0	0	0	0	0	0	0	0	0	0	0	0	0	0	0	0	0	0	0	0	0	0	0	0	0	0	0	0	0	0	0	0	0	0	0	0	0	0	0	0	0	0	0	0	0	0	0	0	0	0	0	0	0	0	0	0	0	0	0	0	0	0	0	0	0	0	0	0	
86.75	101.70	86.55	89.54	86.62	91.12	86.96	120.00	120.00	86.34	111.12	6.25	3.87	84.66	28.52	55.95	0	0	0	0	0	0	0	0	0	0	0	0	0	0	0	0	0	0	0	0	0	0	0	0	0	0	0	0	0	0	0	0	0	0	0	0	0	0	0	0	0	0	0	0	0	0	0	0	0	0	0	0	0	0	0	0	0	0	0	0	0	0	0	0	0	0	0	0	0	0	0	0	0	0	0	0	0	0	0	0	0	0	0	0	
91.37	87.71	94.78	87.22	120.00	85.19	120.00	19.35	120.00	120.00	7.96	74.43	86.94	35.29	86.46	87.18	0	0	0	0	0	0	0	0	0	0	0	0	0	0	0	0	0	0	0	0	0	0	0	0	0	0	0	0	0	0	0	0	0	0	0	0	0	0	0	0	0	0	0	0	0	0	0	0	0	0	0	0	0	0	0	0	0	0	0	0	0	0	0	0	0	0	0	0	0	0	0	0	0	0	0	0	0	0	0	0	0	0	0	0	
86.58	120.00	87.34	120.00	13.75	120.00	34.83	33.56	89.57	86.68	32.30	87.06	92.30	87.51	34.57	50.12	86.70	86.67	37.77	47.82	0	0	0	0	0	0	0	0	0	0	0	0	0	0	0	0	0	0	0	0	0	0	0	0	0	0	0	0	0	0	0	0	0	0	0	0	0	0	0	0	0	0	0	0	0	0	0	0	0	0	0	0	0	0	0	0	0	0	0	0	0	0	0	0	0	0	0	0	0	0	0	0	0	0	0	0	0	0	0	0	
115.55	86.48	32.92	86.82	120.00	13.63	120.00	87.18	3.97	87.66	8.08	74.83	0	0	0	0	0	0	0	0	0	0	0	0	0	0	0	0	0	0	0	0	0	0	0	0	0	0	0	0	0	0	0	0	0	0	0	0	0	0	0	0	0	0	0	0	0	0	0	0	0	0	0	0	0	0	0	0	0	0	0	0	0	0	0	0	0	0	0	0	0	0	0	0	0	0	0	0	0	0	0	0	0	0	0	0	0	0	0	0	
86.99	120.00	86.87	120.00	120.00	86.75	106.86	6.77	3.97	86.31	87.16	87.13	86.84	86.37	38.85	46.10	86.87	86.79	38.80	47.77	86.87	87.61	40.93	44.23	0	0	0	0	0	0	0	0	0	0	0	0	0	0	0	0	0	0	0	0	0	0	0	0	0	0	0	0	0	0	0	0	0	0	0	0	0	0	0	0	0	0	0	0	0	0	0	0	0	0	0	0	0	0	0	0	0	0	0	0	0	0	0	0	0	0	0	0	0	0	0	0	0	0	0	0	
94.31	87.30	113.14	86.75	17.49	87.25	120.00	15.19	120.00	120.00	8.08	120.00	86.91	87.27	86.46	57.77	0	0	0	0	0	0	0	0	0	0	0	0	0	0	0	0	0	0	0	0	0	0	0	0	0	0	0	0	0	0	0	0	0	0	0	0	0	0	0	0	0	0	0	0	0	0	0	0	0	0	0	0	0	0	0	0	0	0	0	0	0	0	0	0	0	0	0	0	0	0	0	0	0	0	0	0	0	0	0	0	0	0	0	0	
87.39	65.95	86.49	87.23	86.98	98.04	86.49	120.00	21.51	12.97	20.62	22.99	13.99	16.15	21.60	120.00	86.74	87.56	38.66	15.48	86.77	87.13	40.88	44.73	86.82	87.56	45.48	41.48	0	0	0	0	0	0	0	0	0	0	0	0	0	0	0	0	0	0	0	0	0	0	0	0	0	0	0	0	0	0	0	0	0	0	0	0	0	0	0	0	0	0	0	0	0	0	0	0	0	0	0	0	0	0	0	0	0	0	0	0	0	0	0	0	0	0	0	0	0	0	0	0	
116.96	86.51	120.00	86.80	120.00	120.00	86.48	87.22	3.87	38.04	86.98	86.80	0	0	0	0	0	0	0	0	0	0	0	0	0	0	0	0	0	0	0	0	0	0	0	0	0	0	0	0	0	0	0	0	0	0	0	0	0	0	0	0	0	0	0	0	0	0	0	0	0	0	0	0	0	0	0	0	0	0	0	0	0	0	0	0	0	0	0	0	0	0	0	0	0	0	0	0	0	0	0	0	0	0	0	0	0	0	0	0	
86.60	120.00	86.51	120.00	19.47	32.10	15.14	14.52	120.00	32.18	14.36	27.56	19.38	120.00	86.41	86.70	0	0	0	0	0	0	0	0	0	0	0	0	0	0	0	0	0	0	0	0	0	0	0	0	0	0	0	0	0	0	0	0	0	0	0	0	0	0	0	0	0	0	0	0	0	0	0	0	0	0	0	0	0	0	0	0	0	0	0	0	0	0	0	0	0	0	0	0	0	0	0	0	0	0	0	0	0	0	0	0	0	0	0	0	
120.00	88.16	120.00	88.93	120.00	120.00	86.48	86.84	3.97	77.34	86.92	87.22	0	0	0	0	0	0	0	0	0	0	0	0	0	0	0	0	0	0	0	0	0	0	0	0	0	0	0	0	0	0	0	0	0	0	0	0	0	0	0	0	0	0	0	0	0	0	0	0	0	0	0	0	0	0	0	0	0	0	0	0	0	0	0	0	0	0	0	0	0	0	0	0	0	0	0	0	0	0	0	0	0	0	0	0	0	0	0	0	
86.65	120.00	86.96	120.00	16.19	22.68	27.85	18.59	17.96	28.75	18.04	33.20	18.47	26.24	19.07	30.15	22.30	120.00	120.00	87.04	86.79	86.29	8.08	73.73	0	0	0	0	0	0	0	0	0	0	0	0	0	0	0	0	0	0	0	0	0	0	0	0	0	0	0	0	0	0	0	0	0	0	0	0	0	0	0	0	0	0	0	0	0	0	0	0	0	0	0	0	0	0	0	0	0	0	0	0	0	0	0	0	0	0	0	0	0	0	0	0	0	0	0	0	
87.82	87.66	12.10	87.20	117.59	86.82	14.26	86.82	120.00	21.20	24.30	27.99	3.97	19.07	120.00	86.86	86.99	88.25	7.97	73.73	0	0	0	0	0	0	0	0	0	0	0	0	0	0	0	0	0	0	0	0	0	0	0	0	0	0	0	0	0	0	0	0	0	0	0	0	0	0	0	0	0	0	0	0	0	0	0	0	0	0	0	0	0	0	0	0	0	0	0	0	0	0	0	0	0	0	0	0	0	0	0	0	0	0	0	0	0	0	0	0	
86.60	120.00	120.00	27.58	30.55	120.00	7.96	56.77	0	0	0	0	0	0	0	0	0	0	0	0	0	0	0	0	0	0	0	0	0	0	0	0	0	0	0	0	0	0	0	0	0	0	0	0	0	0	0	0	0	0	0	0	0	0	0	0	0	0	0	0	0	0	0	0	0	0	0	0	0	0	0	0	0	0	0	0	0	0	0	0	0	0	0	0	0	0	0	0	0	0	0	0	0	0	0	0	0	0	0	0	
120.00	86.53	120.00	88.08	11.13	86.48	28.42	90.72	120.00	21.70	120.00	87.29	4.40	86.58	8.08	75.03	0	0	0	0	0	0	0	0	0	0	0	0	0	0	0	0	0	0	0	0	0	0	0	0	0	0	0	0	0	0	0	0	0	0	0	0	0	0	0	0	0	0	0	0	0	0	0	0	0	0	0	0	0	0	0	0	0	0	0	0	0	0	0	0	0	0	0	0	0	0	0	0	0	0	0	0	0	0	0	0	0	0	0	0	
86.70	92.29	86.96	120.00	16.82	120.00	25.91	13.81	86.91	39.59	86.48	87.25	87.42	86.94	86.49	68.54	0	0	0	0	0	0	0	0	0	0	0	0	0	0	0	0	0	0	0	0	0	0	0	0	0	0	0	0	0	0	0	0	0	0	0	0	0	0	0	0	0	0	0	0	0	0	0	0	0	0	0	0	0	0	0	0	0	0	0	0	0	0	0	0	0	0	0	0	0	0	0	0	0	0	0	0	0	0	0	0	0	0	0	0	
87.89	86.53	17.10	68.88	89.66	87.39	15.72	86.48	118.14	87.34	19.59	16.96	120.00	120.00	86.89	87.29	3.97	78.61	86.51	86.92	0	0	0	0	0	0	0	0	0	0	0	0	0	0	0	0	0	0	0	0	0	0	0	0	0	0	0	0	0	0	0	0	0	0	0	0	0	0	0	0	0	0	0	0	0	0	0	0	0	0	0	0	0	0	0	0	0	0	0	0	0	0	0	0	0	0	0	0	0	0	0	0	0	0	0	0	0	0	0	0	
86.86	13.97	87.23	120.00	15.26	23.64	17.16	19.09	19.62	28.44	16.75	110.34	120.00	87.56	86.34	87.47	4.38	81.29	86.74	87.06	0	0	0	0	0	0	0	0	0	0	0	0	0	0	0	0	0	0	0	0	0	0	0	0	0	0	0	0	0	0	0	0	0	0	0	0	0	0	0	0	0	0	0	0	0	0	0	0	0	0	0	0	0	0	0	0	0	0	0	0	0	0	0	0	0	0	0	0	0	0	0	0	0	0	0	0	0	0	0	0	
92.54	87.30	18.09	87.27	120.00	19.85	120.00	89.47	3.87	30.34	7.96	74.43	0	0	0	0	0	0	0	0	0	0	0	0	0	0	0	0	0	0	0	0	0	0	0	0	0	0	0	0	0	0	0	0	0	0	0	0	0	0	0	0	0	0	0	0	0	0	0	0	0	0	0	0	0	0	0	0	0	0	0	0	0	0	0	0	0	0	0	0	0	0	0	0	0	0	0	0	0	0	0	0	0	0	0	0	0	0	0	0	
86.58	16.20	86.96	120.00	120.00	86.34	25.12	8.02	3.97	82.61	85.96	86.70	0	0	0	0	0	0	0	0	0	0	0	0	0	0	0	0	0	0	0	0	0	0	0	0	0	0	0	0	0	0	0	0	0	0	0	0	0	0	0	0	0	0	0	0	0	0	0	0	0	0	0	0	0	0	0	0	0	0	0	0	0	0	0	0	0	0	0	0	0	0	0	0	0	0	0	0	0	0	0	0	0	0	0	0	0	0	0	0	
47.41	87.80	86.99	87.32	118.63	87.39	120.00	87.32	120.00	120.00	120.00	86.91	4.40	86.65	8.08	59.60	0	0	0	0	0	0	0	0	0	0	0	0	0	0	0	0	0	0	0	0	0	0	0	0	0	0	0	0	0	0	0	0	0	0	0	0	0	0	0	0	0	0	0	0	0	0	0	0	0	0	0	0	0	0	0	0	0	0	0	0	0	0	0	0	0	0	0	0	0	0	0	0	0	0	0	0	0	0	0	0	0	0	0	0	
86.62	92.89	86.53	90.29	87.01	91.62	86.96	120.00	26.68	120.00	120.00	85.96	118.49	86.89	88.14	87.22	0	0	0	0	0	0	0	0	0	0	0	0	0	0	0	0	0	0	0	0	0	0	0	0	0	0	0	0	0	0	0	0	0	0	0	0	0	0	0	0	0	0	0	0	0	0	0	0	0	0	0	0	0	0	0	0	0	0	0	0	0	0	0	0	0	0	0	0	0	0	0	0	0	0	0	0	0	0	0	0	0	0	0	0	
19.31	87.30	120.00	87.22	18.80	88.16	120.00	91.17	16.98	90.29	27.03	120.00	120.00	120.00	87.75	120.00	3.99	120.00	86.89	88.23	0	0	0	0	0	0	0	0	0	0	0	0	0	0	0	0	0	0	0	0	0	0	0	0	0	0	0	0	0	0	0	0	0	0	0	0	0	0	0	0	0	0	0	0	0	0	0	0	0	0	0	0	0	0	0	0	0	0	0	0	0	0	0	0	0	0	0	0	0	0	0	0	0	0	0	0	0	0	0	0	
86.62	91.60	86.55	21.12	87.03	120.00	86.98	22.90	88.35	18.47	91.72	120.00	120.00	120.00	23.51	120.00	120.00	15.53	120.00	86.70	120.00	87.70	8.08	56.10	0	0	0	0	0	0	0	0	0	0	0	0	0	0	0	0	0	0	0	0	0	0	0	0	0	0	0	0	0	0	0	0	0	0	0	0	0	0	0	0	0	0	0	0	0	0	0	0	0	0	0	0	0	0	0	0	0	0	0	0	0	0	0	0	0	0	0	0	0	0	0	0	0	0	0	0	
120.00	87.71	89.85	88.09	120.00	17.85	120.00	87.23	3.97	83.56	7.96	74.02	0	0	0	0	0	0	0	0	0	0	0	0	0	0	0	0	0	0	0	0	0	0	0	0	0	0	0	0	0	0	0	0	0	0	0	0	0	0	0	0	0	0	0	0	0	0	0	0	0	0	0	0	0	0	0	0	0	0	0	0	0	0	0	0	0	0	0	0	0	0	0	0	0	0	0	0	0	0	0	0	0	0	0	0	0	0	0	0	
86.87	87.25	86.80	67.54	86.92	120.00	87.27	120.00	120.00	14.40	120.00	38.44	86.41	86.34	8.06	58.20	0	0	0	0	0	0	0	0	0	0	0	0	0	0	0	0	0	0	0	0	0	0	0	0	0	0	0	0	0	0	0	0	0	0	0	0	0	0	0	0	0	0	0	0	0	0	0	0	0	0	0	0	0	0	0	0	0	0	0	0	0	0	0	0	0	0	0	0	0	0	0	0	0	0	0	0	0	0	0	0	0	0	0	0	
17.29	86.01	120.00	90.41	17.75	92.53	120.00	20.93	120.00	39.30	8.08	25.95	33.99	120.00	86.46	88.59	86.98	91.82	86.51	88.06	0	0	0	0	0	0	0	0	0	0	0	0	0	0	0	0	0	0	0	0	0	0	0	0	0	0	0	0	0	0	0	0	0	0	0	0	0	0	0	0	0	0	0	0	0	0	0	0	0	0	0	0	0	0	0	0	0	0	0	0	0	0	0	0	0	0	0	0	0	0	0	0	0	0	0	0	0	0	0	0	
86.60	120.00	87.01	120.00	120.00	86.75	86.32	62.66	4.40	84.21	86.34	87.56	0	0	0	0	0	0	0	0	0	0	0	0	0	0	0	0	0	0	0	0	0	0	0	0	0	0	0	0	0	0	0	0	0	0	0	0	0	0	0	0	0	0	0	0	0	0	0	0	0	0	0	0	0	0	0	0	0	0	0	0	0	0	0	0	0	0	0	0	0	0	0	0	0	0	0	0	0	0	0	0	0	0	0	0	0	0	0	0	
116.01	86.53	120.00	86.92	13.26	86.58	120.00	89.95	13.73	95.05	120.00	120.00	86.56	88.18	8.08	3.30	0	0	0	0	0	0	0	0	0	0	0	0	0	0	0	0	0	0	0	0	0	0	0	0	0	0	0	0	0	0	0	0	0	0	0	0	0	0	0	0	0	0	0	0	0	0	0	0	0	0	0	0	0	0	0	0	0	0	0	0	0	0	0	0	0	0	0	0	0	0	0	0	0	0	0	0	0	0	0	0	0	0	0	0	
87.03	93.06	86.67	92.34	87.46	120.00	87.82	120.00	120.00	87.61	34.78	6.25	4.28	85.48	36.22	50.77	0	0	0	0	0	0	0	0	0	0	0	0	0	0	0	0	0	0	0	0	0	0	0	0	0	0	0	0	0	0	0	0	0	0	0	0	0	0	0	0	0	0	0	0	0	0	0	0	0	0	0	0	0	0	0	0	0	0	0	0	0	0	0	0	0	0	0	0	0	0	0	0	0	0	0	0	0	0	0	0	0	0	0	0	
118.97	86.17	120.00	87.25	21.98	86.94	120.00	91.17	11.79	120.00	120.00	86.84	86.60	87.25	7.13	74.48	0	0	0	0	0	0	0	0	0	0	0	0	0	0	0	0	0	0	0	0	0	0	0	0	0	0	0	0	0	0	0	0	0	0	0	0	0	0	0	0	0	0	0	0	0	0	0	0	0	0	0	0	0	0	0	0	0	0	0	0	0	0	0	0	0	0	0	0	0	0	0	0	0	0	0	0	0	0	0	0	0	0	0	0	
